[355]
[355]
[355]
[355]
[355]
[355]
[355]
[319]
[371]
[77]
[355]
[355]
[355]
[355]
[355]
[355]
[355]
[355]
[297]
[372]
[81]
[324]
[205]
[355]
[355]
[355]
[355]
[355]
[355]
[355]
[355]
[355]
[355]
[284]
[371]
[86]
[323]
[209]
[355]
[355]
[355]
[355]
[355]
[355]
[355]
[355]
[355]
[355]
[355]
[355]
[355]
[269]
[363]
[67]
[355]
[296]
[214]
[280]
[369]
[84]
[355]
[355]
[262]
[366]
[82]
[262]
[212]
[355]
[355]
[355]
[344]
[369]
[73]
[355]
[298]
[374]
[81]
[261]
[195]
[307]
[210]
[355]
[280]
[209]
[256]
[372]
[79]
[355]
[355]
[355]
[300]
[368]
[74]
[300]
[201]
[355]
[265]
[372]
[76]
[321]
[204]
[355]
[320]
[370]
[76]
[304]
[207]
[355]
[355]
[292]
[368]
[77]
[264]
[204]
[355]
[355]
[269]
[369]
[70]
[291]
[202]
[353]
[205]
[268]
[371]
[76]
[282]
[204]
[355]
[292]
[369]
[76]
[287]
[204]
[270]
[371]
[77]
[323]
[205]
[268]
[371]
[79]
[355]
[342]
[198]
[259]
[366]
[67]
[355]
[326]
[370]
[77]
[289]
[207]
[355]
[309]
[205]
[260]
[369]
[76]
[355]
[355]
[355]
[355]
[285]
[364]
[69]
[284]
[195]
[261]
[204]
[355]
[297]
[367]
[76]
[355]
[315]
[204]
[288]
[367]
[74]
[355]
[316]
[202]
[265]
[366]
[73]
[355]
[355]
[355]
[294]
[201]
[262]
[365]
[74]
[273]
[360]
[62]
[330]
[197]
[355]
[292]
[368]
[77]
[355]
[311]
[205]
[277]
[369]
[81]
[355]
[269]
[209]
[311]
[370]
[85]
[304]
[202]
[287]
[213]
[355]
[334]
[368]
[85]
[355]
[355]
[355]
[328]
[190]
[337]
[213]
[292]
[368]
[86]
[355]
[355]
[355]
[355]
[355]
[355]
[355]
[331]
[363]
[67]
[355]
[355]
[329]
[214]
[265]
[368]
[84]
[355]
[257]
[212]
[355]
[265]
[370]
[84]
[355]
[328]
[372]
[82]
[282]
[212]
[288]
[210]
[355]
[271]
[373]
[82]
[283]
[369]
[73]
[355]
[309]
[373]
[81]
[297]
[210]
[287]
[209]
[298]
[195]
[298]
[373]
[81]
[355]
[314]
[374]
[79]
[285]
[209]
[284]
[207]
[355]
[274]
[372]
[79]
[262]
[368]
[74]
[311]
[201]
[354]
[372]
[77]
[269]
[207]
[299]
[205]
[355]
[265]
[371]
[77]
[355]
[302]
[370]
[76]
[273]
[205]
[277]
[204]
[355]
[286]
[368]
[76]
[269]
[366]
[70]
[318]
[202]
[338]
[204]
[260]
[369]
[77]
[304]
[205]
[355]
[270]
[370]
[77]
[355]
[269]
[205]
[287]
[370]
[79]
[294]
[207]
[355]
[292]
[198]
[258]
[366]
[67]
[256]
[367]
[79]
[355]
[307]
[207]
[260]
[369]
[77]
[294]
[205]
[355]
[289]
[369]
[77]
[355]
[292]
[205]
[273]
[368]
[76]
[289]
[204]
[355]
[290]
[195]
[281]
[365]
[76]
[258]
[363]
[69]
[355]
[301]
[204]
[281]
[366]
[74]
[303]
[202]
[355]
[295]
[364]
[74]
[355]
[345]
[202]
[259]
[365]
[73]
[295]
[201]
[355]
[355]
[325]
[362]
[73]
[318]
[360]
[62]
[355]
[305]
[197]
[355]
[355]
[355]
[355]
[277]
[364]
[74]
[329]
[201]
[355]
[355]
[355]
[355]
[355]
[355]
[355]
[270]
[190]
[355]
[307]
[202]
[355]
[355]
[355]
[355]
[355]
[355]
[355]
[355]
[351]
[372]
[86]
[302]
[367]
[59]
[355]
[355]
[256]
[214]
[310]
[371]
[83]
[355]
[325]
[372]
[80]
[333]
[211]
[333]
[371]
[77]
[297]
[208]
[355]
[258]
[205]
[272]
[372]
[74]
[284]
[202]
[355]
[283]
[371]
[71]
[355]
[301]
[199]
[277]
[370]
[68]
[355]
[293]
[187]
[261]
[374]
[74]
[292]
[196]
[273]
[202]
[355]
[308]
[370]
[74]
[289]
[365]
[57]
[258]
[365]
[65]
[355]
[355]
[355]
[304]
[367]
[64]
[260]
[370]
[72]
[323]
[193]
[273]
[202]
[307]
[192]
[268]
[200]
[261]
[371]
[71]
[263]
[366]
[62]
[283]
[199]
[260]
[190]
[307]
[185]
[355]
[342]
[368]
[71]
[277]
[364]
[45]
[264]
[362]
[62]
[355]
[351]
[190]
[284]
[199]
[355]
[355]
[266]
[367]
[72]
[273]
[365]
[64]
[355]
[296]
[173]
[296]
[192]
[293]
[200]
[355]
[355]
[355]
[291]
[373]
[84]
[283]
[365]
[57]
[355]
[355]
[259]
[374]
[81]
[276]
[212]
[355]
[293]
[374]
[78]
[261]
[209]
[355]
[299]
[374]
[75]
[297]
[206]
[348]
[203]
[284]
[372]
[72]
[280]
[200]
[355]
[276]
[373]
[69]
[355]
[279]
[197]
[280]
[374]
[66]
[355]
[274]
[194]
[279]
[374]
[72]
[313]
[185]
[273]
[200]
[355]
[292]
[368]
[72]
[268]
[367]
[55]
[264]
[367]
[63]
[355]
[355]
[355]
[327]
[362]
[62]
[260]
[371]
[70]
[338]
[191]
[289]
[200]
[278]
[190]
[259]
[183]
[264]
[198]
[373]
[69]
[273]
[367]
[61]
[274]
[197]
[264]
[189]
[355]
[355]
[260]
[369]
[69]
[274]
[365]
[61]
[272]
[363]
[43]
[355]
[329]
[189]
[311]
[197]
[355]
[355]
[347]
[367]
[70]
[268]
[362]
[62]
[355]
[320]
[190]
[265]
[171]
[340]
[198]
[355]
[355]
[355]
[341]
[374]
[82]
[290]
[366]
[55]
[355]
[355]
[271]
[374]
[79]
[300]
[210]
[355]
[287]
[207]
[260]
[375]
[76]
[355]
[299]
[374]
[73]
[263]
[204]
[355]
[307]
[375]
[70]
[259]
[201]
[304]
[198]
[343]
[374]
[67]
[322]
[195]
[346]
[372]
[61]
[313]
[189]
[280]
[183]
[331]
[374]
[67]
[341]
[195]
[355]
[298]
[372]
[67]
[279]
[370]
[64]
[271]
[369]
[50]
[355]
[355]
[324]
[195]
[269]
[192]
[300]
[368]
[62]
[263]
[370]
[65]
[355]
[262]
[190]
[292]
[193]
[263]
[374]
[64]
[264]
[369]
[61]
[292]
[189]
[276]
[192]
[355]
[282]
[370]
[64]
[276]
[368]
[61]
[259]
[368]
[38]
[355]
[355]
[355]
[355]
[332]
[192]
[268]
[368]
[65]
[262]
[365]
[62]
[286]
[189]
[284]
[166]
[353]
[178]
[284]
[190]
[311]
[193]
[355]
[292]
[370]
[50]
[355]
[349]
[372]
[53]
[345]
[178]
[323]
[373]
[56]
[333]
[181]
[329]
[373]
[59]
[282]
[184]
[355]
[283]
[187]
[263]
[372]
[62]
[355]
[294]
[373]
[65]
[271]
[190]
[286]
[193]
[352]
[373]
[68]
[355]
[315]
[378]
[86]
[287]
[368]
[77]
[262]
[196]
[327]
[205]
[269]
[214]
[355]
[270]
[376]
[86]
[274]
[370]
[77]
[258]
[368]
[69]
[355]
[355]
[355]
[295]
[375]
[85]
[261]
[370]
[76]
[319]
[204]
[259]
[205]
[271]
[214]
[316]
[376]
[83]
[256]
[371]
[74]
[260]
[213]
[277]
[202]
[279]
[211]
[266]
[197]
[355]
[307]
[373]
[83]
[295]
[367]
[74]
[279]
[358]
[57]
[355]
[293]
[202]
[355]
[283]
[211]
[337]
[368]
[85]
[282]
[363]
[76]
[306]
[185]
[294]
[204]
[257]
[213]
[355]
[355]
[355]
[283]
[367]
[50]
[355]
[347]
[367]
[53]
[296]
[178]
[355]
[290]
[368]
[56]
[283]
[181]
[355]
[284]
[368]
[59]
[259]
[184]
[355]
[314]
[187]
[258]
[367]
[62]
[355]
[318]
[369]
[65]
[265]
[190]
[297]
[193]
[355]
[304]
[368]
[68]
[355]
[355]
[263]
[372]
[86]
[295]
[364]
[77]
[322]
[205]
[265]
[196]
[214]
[355]
[355]
[278]
[371]
[86]
[292]
[365]
[69]
[257]
[361]
[77]
[355]
[355]
[355]
[304]
[214]
[276]
[205]
[273]
[369]
[85]
[271]
[364]
[76]
[294]
[204]
[346]
[213]
[268]
[197]
[271]
[371]
[83]
[271]
[367]
[74]
[267]
[211]
[274]
[202]
[355]
[355]
[280]
[366]
[83]
[286]
[365]
[74]
[261]
[363]
[57]
[355]
[270]
[202]
[274]
[211]
[355]
[355]
[340]
[366]
[85]
[294]
[364]
[76]
[355]
[355]
[333]
[213]
[310]
[204]
[355]
[287]
[185]
[355]
[355]
[355]
[355]
[355]
[355]
[355]
[355]
[355]
[277]
[364]
[69]
[355]
[355]
[355]
[277]
[367]
[76]
[267]
[365]
[73]
[304]
[204]
[326]
[201]
[307]
[371]
[77]
[279]
[366]
[74]
[325]
[205]
[310]
[202]
[259]
[372]
[76]
[273]
[367]
[73]
[282]
[197]
[280]
[204]
[329]
[370]
[81]
[288]
[201]
[274]
[369]
[79]
[262]
[366]
[67]
[260]
[209]
[355]
[325]
[366]
[70]
[355]
[329]
[365]
[76]
[301]
[204]
[303]
[195]
[302]
[207]
[266]
[367]
[77]
[276]
[365]
[74]
[294]
[202]
[261]
[198]
[355]
[270]
[368]
[69]
[341]
[205]
[337]
[371]
[76]
[256]
[368]
[73]
[355]
[256]
[204]
[287]
[201]
[266]
[373]
[77]
[279]
[368]
[74]
[324]
[202]
[288]
[205]
[270]
[374]
[76]
[263]
[367]
[73]
[280]
[197]
[318]
[204]
[305]
[371]
[81]
[268]
[201]
[276]
[367]
[67]
[263]
[372]
[79]
[282]
[209]
[355]
[278]
[370]
[70]
[355]
[321]
[371]
[76]
[318]
[204]
[315]
[207]
[258]
[195]
[261]
[373]
[77]
[263]
[371]
[74]
[284]
[202]
[259]
[198]
[355]
[318]
[205]
[273]
[372]
[76]
[265]
[364]
[69]
[265]
[366]
[73]
[355]
[348]
[374]
[82]
[287]
[197]
[292]
[201]
[355]
[270]
[369]
[73]
[257]
[369]
[67]
[320]
[210]
[316]
[195]
[269]
[201]
[261]
[204]
[256]
[375]
[81]
[355]
[347]
[366]
[65]
[368]
[74]
[354]
[202]
[256]
[193]
[305]
[374]
[79]
[349]
[209]
[355]
[264]
[366]
[73]
[259]
[367]
[64]
[355]
[262]
[201]
[262]
[192]
[298]
[372]
[77]
[264]
[207]
[355]
[333]
[365]
[62]
[256]
[367]
[74]
[355]
[275]
[202]
[297]
[190]
[260]
[373]
[76]
[257]
[205]
[355]
[355]
[308]
[366]
[71]
[262]
[364]
[64]
[263]
[363]
[68]
[355]
[355]
[316]
[199]
[264]
[204]
[369]
[74]
[274]
[192]
[329]
[196]
[355]
[312]
[364]
[65]
[265]
[365]
[69]
[355]
[354]
[202]
[262]
[369]
[72]
[355]
[317]
[197]
[279]
[367]
[71]
[257]
[200]
[355]
[305]
[193]
[290]
[366]
[69]
[269]
[199]
[355]
[355]
[257]
[197]
[294]
[367]
[64]
[355]
[355]
[301]
[367]
[68]
[258]
[368]
[71]
[355]
[263]
[199]
[299]
[196]
[274]
[371]
[72]
[268]
[367]
[69]
[331]
[200]
[284]
[197]
[271]
[372]
[71]
[261]
[366]
[68]
[269]
[192]
[312]
[199]
[318]
[370]
[76]
[276]
[196]
[270]
[365]
[62]
[256]
[372]
[74]
[265]
[204]
[355]
[315]
[366]
[65]
[355]
[316]
[368]
[71]
[310]
[199]
[308]
[190]
[294]
[370]
[72]
[258]
[368]
[69]
[263]
[202]
[293]
[197]
[286]
[193]
[342]
[370]
[64]
[259]
[200]
[355]
[302]
[372]
[71]
[263]
[370]
[68]
[355]
[273]
[196]
[263]
[199]
[273]
[375]
[72]
[273]
[367]
[69]
[340]
[200]
[271]
[197]
[268]
[375]
[71]
[267]
[192]
[257]
[367]
[68]
[355]
[330]
[199]
[265]
[372]
[76]
[300]
[373]
[74]
[260]
[363]
[62]
[283]
[196]
[262]
[204]
[355]
[326]
[358]
[65]
[355]
[333]
[365]
[71]
[355]
[266]
[199]
[272]
[190]
[264]
[202]
[264]
[369]
[69]
[371]
[72]
[290]
[197]
[296]
[193]
[355]
[313]
[200]
[279]
[369]
[71]
[265]
[366]
[64]
[266]
[365]
[68]
[355]
[355]
[256]
[373]
[76]
[304]
[196]
[262]
[199]
[299]
[192]
[314]
[204]
[261]
[374]
[77]
[355]
[298]
[205]
[267]
[375]
[76]
[355]
[326]
[204]
[374]
[68]
[260]
[365]
[62]
[355]
[319]
[196]
[260]
[372]
[76]
[355]
[289]
[204]
[271]
[373]
[77]
[329]
[190]
[330]
[372]
[76]
[262]
[205]
[355]
[296]
[204]
[285]
[369]
[69]
[256]
[365]
[60]
[355]
[329]
[367]
[76]
[308]
[197]
[326]
[188]
[259]
[204]
[287]
[369]
[77]
[355]
[289]
[205]
[282]
[369]
[76]
[355]
[336]
[204]
[270]
[367]
[71]
[283]
[364]
[59]
[261]
[361]
[62]
[355]
[310]
[367]
[76]
[258]
[199]
[355]
[289]
[204]
[298]
[367]
[77]
[345]
[187]
[279]
[190]
[274]
[205]
[279]
[368]
[76]
[355]
[355]
[284]
[204]
[270]
[366]
[72]
[292]
[358]
[57]
[355]
[334]
[363]
[64]
[355]
[301]
[192]
[277]
[366]
[65]
[355]
[298]
[185]
[264]
[193]
[263]
[367]
[64]
[300]
[200]
[355]
[301]
[375]
[81]
[278]
[366]
[72]
[256]
[367]
[55]
[272]
[192]
[355]
[327]
[365]
[64]
[355]
[274]
[192]
[295]
[366]
[65]
[322]
[209]
[283]
[193]
[298]
[369]
[64]
[258]
[183]
[295]
[192]
[355]
[286]
[376]
[81]
[260]
[200]
[267]
[368]
[53]
[259]
[369]
[74]
[355]
[307]
[367]
[62]
[355]
[288]
[190]
[285]
[371]
[64]
[355]
[276]
[192]
[266]
[181]
[259]
[368]
[62]
[272]
[209]
[288]
[190]
[355]
[282]
[202]
[262]
[374]
[81]
[262]
[371]
[76]
[281]
[367]
[52]
[355]
[304]
[368]
[60]
[355]
[298]
[188]
[280]
[367]
[62]
[279]
[204]
[279]
[209]
[319]
[190]
[290]
[368]
[60]
[271]
[180]
[274]
[188]
[355]
[319]
[373]
[81]
[262]
[369]
[77]
[271]
[367]
[50]
[355]
[341]
[367]
[59]
[355]
[272]
[187]
[296]
[366]
[60]
[340]
[188]
[277]
[209]
[274]
[205]
[273]
[368]
[59]
[285]
[178]
[187]
[355]
[347]
[368]
[81]
[258]
[366]
[76]
[269]
[366]
[48]
[355]
[355]
[280]
[357]
[57]
[355]
[297]
[185]
[266]
[365]
[59]
[323]
[176]
[275]
[209]
[336]
[187]
[268]
[367]
[57]
[355]
[355]
[299]
[365]
[50]
[256]
[366]
[59]
[268]
[185]
[355]
[342]
[372]
[83]
[355]
[296]
[211]
[292]
[187]
[256]
[375]
[84]
[342]
[178]
[315]
[212]
[267]
[372]
[86]
[285]
[204]
[355]
[293]
[372]
[84]
[256]
[365]
[52]
[267]
[365]
[59]
[269]
[214]
[306]
[212]
[355]
[372]
[83]
[270]
[369]
[74]
[276]
[211]
[271]
[202]
[289]
[180]
[326]
[187]
[268]
[372]
[81]
[277]
[365]
[72]
[286]
[200]
[261]
[209]
[353]
[372]
[80]
[264]
[370]
[71]
[282]
[199]
[281]
[208]
[355]
[323]
[367]
[81]
[266]
[364]
[57]
[259]
[365]
[72]
[355]
[338]
[364]
[64]
[355]
[280]
[192]
[309]
[365]
[65]
[355]
[260]
[185]
[260]
[193]
[309]
[365]
[64]
[355]
[353]
[368]
[55]
[268]
[192]
[285]
[209]
[258]
[200]
[355]
[318]
[363]
[64]
[355]
[329]
[192]
[266]
[370]
[81]
[280]
[365]
[72]
[260]
[364]
[65]
[355]
[274]
[193]
[271]
[365]
[64]
[291]
[183]
[283]
[192]
[355]
[274]
[368]
[53]
[279]
[200]
[313]
[209]
[336]
[366]
[62]
[355]
[319]
[373]
[74]
[259]
[372]
[81]
[256]
[190]
[272]
[368]
[64]
[355]
[273]
[192]
[273]
[367]
[62]
[264]
[181]
[301]
[190]
[355]
[273]
[371]
[52]
[274]
[209]
[355]
[311]
[369]
[60]
[299]
[202]
[355]
[276]
[373]
[76]
[267]
[188]
[260]
[372]
[81]
[271]
[364]
[62]
[355]
[278]
[190]
[280]
[367]
[60]
[277]
[180]
[294]
[188]
[313]
[209]
[327]
[367]
[50]
[287]
[204]
[355]
[289]
[367]
[59]
[355]
[355]
[265]
[187]
[280]
[363]
[60]
[258]
[367]
[77]
[369]
[81]
[355]
[324]
[367]
[59]
[270]
[188]
[263]
[178]
[272]
[187]
[355]
[332]
[364]
[48]
[340]
[205]
[267]
[209]
[329]
[366]
[57]
[355]
[355]
[263]
[185]
[282]
[366]
[81]
[260]
[365]
[59]
[256]
[366]
[76]
[355]
[319]
[187]
[269]
[176]
[268]
[366]
[57]
[355]
[305]
[209]
[350]
[185]
[275]
[365]
[50]
[263]
[365]
[59]
[355]
[355]
[275]
[372]
[83]
[355]
[335]
[211]
[288]
[374]
[84]
[275]
[187]
[355]
[266]
[178]
[289]
[374]
[86]
[268]
[212]
[355]
[268]
[204]
[308]
[365]
[59]
[257]
[364]
[52]
[373]
[84]
[270]
[214]
[297]
[212]
[355]
[265]
[372]
[83]
[289]
[364]
[74]
[257]
[211]
[287]
[202]
[355]
[263]
[373]
[81]
[283]
[187]
[295]
[180]
[268]
[209]
[347]
[371]
[80]
[273]
[366]
[71]
[286]
[199]
[280]
[208]
[355]
[355]
[269]
[370]
[81]
[292]
[363]
[52]
[256]
[364]
[45]
[355]
[355]
[346]
[173]
[266]
[209]
[259]
[375]
[84]
[355]
[355]
[355]
[276]
[371]
[80]
[308]
[180]
[262]
[212]
[335]
[208]
[289]
[370]
[81]
[312]
[209]
[305]
[365]
[48]
[305]
[368]
[52]
[293]
[370]
[57]
[355]
[310]
[373]
[83]
[355]
[353]
[180]
[265]
[176]
[263]
[376]
[75]
[347]
[185]
[272]
[203]
[260]
[211]
[301]
[375]
[76]
[355]
[289]
[204]
[275]
[373]
[59]
[263]
[370]
[57]
[257]
[370]
[50]
[355]
[321]
[375]
[77]
[355]
[322]
[376]
[76]
[297]
[205]
[281]
[187]
[327]
[204]
[272]
[376]
[74]
[265]
[178]
[355]
[299]
[185]
[276]
[375]
[72]
[266]
[368]
[52]
[258]
[369]
[59]
[274]
[202]
[355]
[282]
[375]
[71]
[290]
[200]
[309]
[180]
[294]
[187]
[291]
[375]
[69]
[263]
[199]
[355]
[296]
[375]
[71]
[261]
[197]
[355]
[355]
[269]
[374]
[72]
[279]
[199]
[355]
[312]
[373]
[69]
[355]
[354]
[376]
[63]
[294]
[197]
[355]
[279]
[373]
[69]
[284]
[200]
[355]
[290]
[197]
[267]
[374]
[71]
[355]
[290]
[191]
[279]
[373]
[64]
[355]
[326]
[374]
[56]
[277]
[192]
[335]
[199]
[287]
[375]
[72]
[351]
[200]
[321]
[374]
[71]
[306]
[376]
[72]
[259]
[199]
[307]
[376]
[74]
[277]
[200]
[306]
[184]
[288]
[372]
[57]
[355]
[332]
[375]
[51]
[262]
[185]
[355]
[290]
[377]
[72]
[313]
[202]
[355]
[272]
[376]
[71]
[294]
[200]
[355]
[258]
[179]
[259]
[373]
[52]
[355]
[325]
[373]
[44]
[296]
[180]
[318]
[172]
[314]
[376]
[74]
[275]
[199]
[355]
[334]
[368]
[45]
[271]
[375]
[72]
[286]
[202]
[355]
[283]
[374]
[71]
[268]
[200]
[355]
[319]
[368]
[48]
[374]
[69]
[257]
[199]
[258]
[173]
[355]
[312]
[374]
[76]
[262]
[197]
[355]
[335]
[373]
[72]
[257]
[204]
[260]
[368]
[50]
[279]
[176]
[355]
[282]
[372]
[71]
[257]
[200]
[355]
[315]
[199]
[260]
[372]
[69]
[256]
[178]
[266]
[368]
[52]
[355]
[306]
[373]
[71]
[260]
[197]
[283]
[180]
[280]
[199]
[355]
[355]
[355]
[263]
[365]
[72]
[355]
[345]
[366]
[69]
[355]
[294]
[200]
[263]
[197]
[297]
[368]
[63]
[355]
[305]
[368]
[69]
[342]
[197]
[314]
[370]
[71]
[355]
[300]
[191]
[296]
[366]
[64]
[355]
[297]
[192]
[286]
[365]
[56]
[355]
[261]
[199]
[287]
[370]
[72]
[301]
[200]
[355]
[280]
[366]
[71]
[283]
[199]
[279]
[368]
[72]
[292]
[200]
[278]
[370]
[74]
[302]
[184]
[301]
[365]
[57]
[355]
[291]
[185]
[287]
[366]
[51]
[355]
[289]
[202]
[266]
[368]
[72]
[355]
[293]
[200]
[275]
[368]
[71]
[355]
[308]
[179]
[279]
[363]
[52]
[355]
[341]
[361]
[44]
[273]
[180]
[322]
[172]
[321]
[199]
[267]
[369]
[74]
[355]
[355]
[260]
[202]
[273]
[364]
[45]
[267]
[367]
[72]
[355]
[325]
[200]
[269]
[366]
[71]
[355]
[329]
[173]
[259]
[199]
[262]
[364]
[48]
[258]
[366]
[69]
[355]
[303]
[197]
[264]
[370]
[76]
[274]
[366]
[72]
[355]
[290]
[200]
[269]
[176]
[275]
[204]
[280]
[368]
[74]
[257]
[365]
[50]
[368]
[71]
[355]
[301]
[202]
[296]
[199]
[257]
[367]
[72]
[269]
[368]
[69]
[280]
[200]
[289]
[197]
[355]
[312]
[367]
[71]
[266]
[367]
[68]
[260]
[365]
[52]
[257]
[178]
[355]
[338]
[180]
[262]
[199]
[261]
[196]
[264]
[368]
[74]
[292]
[202]
[355]
[355]
[355]
[299]
[365]
[72]
[262]
[364]
[45]
[267]
[362]
[57]
[261]
[363]
[52]
[355]
[355]
[355]
[355]
[271]
[373]
[84]
[337]
[173]
[355]
[304]
[200]
[296]
[180]
[256]
[374]
[80]
[322]
[185]
[327]
[212]
[271]
[208]
[296]
[372]
[81]
[288]
[209]
[355]
[313]
[368]
[57]
[259]
[366]
[48]
[259]
[367]
[52]
[355]
[317]
[373]
[83]
[355]
[277]
[176]
[299]
[180]
[283]
[373]
[76]
[298]
[204]
[296]
[185]
[292]
[211]
[290]
[369]
[77]
[280]
[205]
[355]
[305]
[368]
[59]
[264]
[366]
[57]
[262]
[365]
[50]
[355]
[309]
[373]
[79]
[355]
[296]
[178]
[301]
[371]
[71]
[298]
[187]
[259]
[207]
[281]
[199]
[318]
[371]
[72]
[284]
[200]
[322]
[185]
[349]
[367]
[59]
[258]
[367]
[52]
[355]
[321]
[370]
[74]
[355]
[289]
[187]
[290]
[180]
[269]
[368]
[69]
[355]
[318]
[369]
[68]
[294]
[196]
[311]
[197]
[260]
[202]
[322]
[363]
[45]
[292]
[367]
[52]
[345]
[370]
[57]
[355]
[355]
[333]
[373]
[84]
[268]
[173]
[355]
[334]
[180]
[271]
[371]
[80]
[273]
[185]
[312]
[212]
[293]
[208]
[309]
[369]
[81]
[297]
[209]
[291]
[366]
[48]
[322]
[367]
[52]
[321]
[368]
[57]
[355]
[355]
[294]
[369]
[83]
[355]
[355]
[355]
[293]
[180]
[265]
[176]
[280]
[368]
[76]
[318]
[185]
[353]
[204]
[280]
[369]
[77]
[298]
[211]
[268]
[205]
[336]
[363]
[50]
[269]
[367]
[57]
[307]
[368]
[59]
[355]
[327]
[369]
[79]
[355]
[329]
[368]
[71]
[297]
[207]
[316]
[187]
[273]
[199]
[271]
[178]
[275]
[369]
[72]
[285]
[200]
[296]
[185]
[355]
[268]
[367]
[59]
[264]
[365]
[52]
[355]
[342]
[367]
[74]
[355]
[350]
[369]
[69]
[291]
[187]
[282]
[202]
[284]
[180]
[343]
[197]
[261]
[369]
[68]
[355]
[355]
[305]
[196]
[276]
[371]
[69]
[278]
[364]
[45]
[288]
[362]
[57]
[355]
[355]
[260]
[370]
[71]
[355]
[266]
[197]
[322]
[199]
[264]
[173]
[259]
[373]
[72]
[274]
[368]
[48]
[355]
[290]
[200]
[265]
[374]
[64]
[355]
[313]
[176]
[278]
[369]
[50]
[267]
[372]
[65]
[258]
[192]
[315]
[185]
[355]
[260]
[372]
[71]
[353]
[193]
[346]
[373]
[69]
[263]
[366]
[59]
[277]
[199]
[355]
[286]
[197]
[256]
[373]
[68]
[355]
[343]
[178]
[271]
[196]
[262]
[371]
[69]
[280]
[364]
[48]
[311]
[187]
[355]
[297]
[371]
[64]
[355]
[355]
[331]
[368]
[65]
[270]
[365]
[50]
[264]
[176]
[192]
[355]
[269]
[197]
[348]
[367]
[62]
[329]
[193]
[355]
[281]
[190]
[262]
[365]
[52]
[256]
[178]
[262]
[368]
[60]
[355]
[353]
[367]
[69]
[267]
[188]
[355]
[355]
[275]
[367]
[59]
[260]
[366]
[40]
[355]
[349]
[197]
[292]
[369]
[68]
[257]
[168]
[332]
[187]
[274]
[196]
[290]
[180]
[355]
[355]
[284]
[366]
[68]
[304]
[363]
[45]
[257]
[363]
[57]
[355]
[355]
[355]
[355]
[355]
[355]
[307]
[196]
[257]
[363]
[69]
[355]
[355]
[355]
[355]
[342]
[173]
[355]
[324]
[197]
[355]
[286]
[185]
[355]
[355]
[355]
[355]
[355]
[355]
[355]
[355]
[355]
[355]
[355]
[355]
[355]
[355]
[355]
[355]
[355]
[355]
[355]
[355]
[260]
[364]
[64]
[269]
[362]
[57]
[355]
[355]
[355]
[351]
[185]
[299]
[369]
[76]
[355]
[294]
[204]
[331]
[373]
[78]
[284]
[192]
[355]
[297]
[206]
[373]
[76]
[355]
[355]
[294]
[373]
[83]
[295]
[204]
[260]
[363]
[56]
[271]
[363]
[64]
[355]
[291]
[211]
[295]
[370]
[74]
[355]
[273]
[202]
[319]
[369]
[76]
[289]
[184]
[355]
[261]
[192]
[272]
[371]
[74]
[283]
[204]
[355]
[293]
[202]
[277]
[366]
[73]
[265]
[363]
[57]
[263]
[364]
[64]
[355]
[311]
[371]
[76]
[355]
[261]
[201]
[297]
[204]
[263]
[373]
[78]
[308]
[192]
[297]
[185]
[309]
[206]
[260]
[373]
[76]
[355]
[314]
[204]
[274]
[372]
[83]
[273]
[365]
[56]
[256]
[365]
[64]
[355]
[285]
[211]
[285]
[370]
[74]
[354]
[184]
[277]
[202]
[298]
[370]
[76]
[273]
[192]
[355]
[277]
[204]
[273]
[369]
[74]
[355]
[264]
[202]
[326]
[368]
[73]
[264]
[364]
[64]
[274]
[362]
[57]
[355]
[286]
[373]
[81]
[287]
[201]
[301]
[185]
[287]
[192]
[303]
[209]
[265]
[374]
[83]
[355]
[308]
[377]
[81]
[258]
[211]
[355]
[323]
[373]
[73]
[262]
[367]
[69]
[258]
[366]
[67]
[262]
[209]
[355]
[300]
[375]
[81]
[266]
[201]
[355]
[302]
[375]
[83]
[271]
[209]
[268]
[197]
[342]
[195]
[287]
[375]
[81]
[285]
[211]
[355]
[299]
[209]
[258]
[372]
[74]
[270]
[366]
[66]
[368]
[69]
[355]
[306]
[202]
[264]
[373]
[81]
[355]
[270]
[194]
[287]
[209]
[268]
[372]
[83]
[355]
[265]
[197]
[292]
[373]
[81]
[261]
[211]
[355]
[355]
[209]
[266]
[369]
[76]
[276]
[365]
[61]
[270]
[364]
[64]
[355]
[329]
[204]
[272]
[372]
[79]
[355]
[298]
[189]
[302]
[207]
[269]
[373]
[81]
[299]
[192]
[355]
[279]
[209]
[268]
[372]
[79]
[355]
[355]
[355]
[305]
[367]
[78]
[258]
[207]
[301]
[361]
[62]
[355]
[355]
[317]
[363]
[69]
[355]
[317]
[197]
[295]
[365]
[71]
[355]
[290]
[190]
[271]
[199]
[273]
[366]
[69]
[355]
[296]
[206]
[347]
[197]
[277]
[361]
[60]
[277]
[371]
[78]
[294]
[206]
[287]
[370]
[76]
[274]
[204]
[278]
[371]
[78]
[286]
[206]
[271]
[372]
[76]
[337]
[365]
[69]
[355]
[303]
[197]
[281]
[367]
[71]
[355]
[285]
[199]
[291]
[368]
[69]
[272]
[188]
[269]
[197]
[355]
[302]
[372]
[74]
[262]
[204]
[271]
[368]
[59]
[355]
[307]
[371]
[67]
[305]
[202]
[337]
[195]
[278]
[371]
[69]
[355]
[275]
[197]
[282]
[372]
[67]
[282]
[187]
[257]
[195]
[355]
[287]
[374]
[74]
[288]
[202]
[275]
[374]
[72]
[256]
[367]
[57]
[283]
[200]
[273]
[374]
[74]
[297]
[202]
[266]
[374]
[72]
[355]
[273]
[370]
[66]
[355]
[274]
[194]
[296]
[372]
[67]
[355]
[274]
[195]
[279]
[372]
[66]
[267]
[185]
[276]
[194]
[355]
[307]
[374]
[71]
[279]
[368]
[55]
[274]
[200]
[355]
[287]
[370]
[64]
[355]
[304]
[192]
[279]
[369]
[65]
[355]
[274]
[193]
[269]
[199]
[276]
[371]
[64]
[267]
[183]
[275]
[192]
[355]
[338]
[371]
[71]
[280]
[199]
[273]
[372]
[69]
[258]
[362]
[53]
[283]
[197]
[271]
[374]
[71]
[301]
[199]
[282]
[371]
[69]
[355]
[269]
[365]
[62]
[355]
[355]
[268]
[190]
[294]
[368]
[64]
[259]
[197]
[355]
[305]
[192]
[301]
[181]
[261]
[365]
[62]
[355]
[355]
[355]
[279]
[375]
[86]
[265]
[190]
[295]
[368]
[52]
[355]
[334]
[374]
[83]
[279]
[214]
[355]
[296]
[376]
[80]
[295]
[211]
[355]
[278]
[374]
[77]
[279]
[208]
[355]
[286]
[205]
[271]
[373]
[74]
[288]
[202]
[355]
[277]
[180]
[262]
[373]
[71]
[355]
[295]
[199]
[271]
[374]
[68]
[355]
[310]
[375]
[74]
[303]
[196]
[261]
[202]
[355]
[290]
[373]
[74]
[261]
[366]
[57]
[276]
[367]
[65]
[355]
[355]
[355]
[273]
[193]
[271]
[373]
[72]
[257]
[367]
[64]
[319]
[202]
[289]
[192]
[266]
[185]
[279]
[200]
[269]
[368]
[62]
[259]
[373]
[71]
[279]
[190]
[265]
[199]
[355]
[353]
[370]
[71]
[265]
[365]
[62]
[272]
[363]
[45]
[355]
[311]
[190]
[320]
[199]
[355]
[321]
[369]
[72]
[273]
[366]
[64]
[334]
[173]
[298]
[192]
[313]
[200]
[355]
[355]
[355]
[292]
[374]
[84]
[303]
[366]
[57]
[355]
[355]
[317]
[212]
[262]
[371]
[81]
[355]
[328]
[209]
[256]
[373]
[78]
[355]
[302]
[374]
[75]
[304]
[206]
[355]
[261]
[203]
[267]
[373]
[72]
[284]
[200]
[355]
[276]
[374]
[69]
[355]
[295]
[197]
[274]
[374]
[66]
[355]
[294]
[194]
[270]
[375]
[72]
[290]
[185]
[289]
[200]
[355]
[289]
[373]
[72]
[269]
[367]
[55]
[258]
[369]
[63]
[355]
[355]
[355]
[355]
[303]
[365]
[62]
[256]
[373]
[70]
[320]
[200]
[311]
[183]
[270]
[191]
[274]
[190]
[276]
[374]
[69]
[273]
[198]
[368]
[61]
[269]
[197]
[265]
[189]
[355]
[342]
[370]
[69]
[268]
[365]
[61]
[264]
[365]
[43]
[355]
[323]
[197]
[266]
[189]
[355]
[355]
[315]
[368]
[70]
[273]
[363]
[62]
[355]
[287]
[190]
[268]
[171]
[332]
[198]
[355]
[355]
[355]
[355]
[355]
[324]
[370]
[82]
[279]
[365]
[55]
[355]
[355]
[355]
[272]
[210]
[268]
[369]
[79]
[355]
[313]
[207]
[284]
[370]
[76]
[355]
[299]
[204]
[282]
[370]
[72]
[280]
[183]
[354]
[200]
[302]
[367]
[70]
[355]
[311]
[365]
[67]
[284]
[198]
[278]
[195]
[355]
[276]
[368]
[64]
[294]
[192]
[355]
[271]
[370]
[70]
[299]
[198]
[355]
[355]
[326]
[367]
[70]
[366]
[72]
[276]
[364]
[53]
[271]
[360]
[60]
[355]
[355]
[355]
[335]
[198]
[286]
[366]
[69]
[355]
[259]
[197]
[323]
[367]
[67]
[294]
[195]
[355]
[355]
[282]
[365]
[67]
[272]
[363]
[41]
[355]
[355]
[355]
[355]
[335]
[200]
[355]
[289]
[363]
[69]
[334]
[195]
[355]
[355]
[292]
[181]
[283]
[169]
[269]
[188]
[264]
[197]
[355]
[355]
[284]
[365]
[41]
[355]
[355]
[282]
[369]
[46]
[298]
[169]
[355]
[298]
[368]
[50]
[352]
[174]
[309]
[368]
[53]
[265]
[178]
[355]
[313]
[371]
[58]
[315]
[181]
[313]
[186]
[270]
[370]
[62]
[314]
[190]
[355]
[271]
[372]
[64]
[355]
[317]
[374]
[79]
[283]
[368]
[70]
[281]
[198]
[278]
[207]
[328]
[192]
[335]
[370]
[79]
[289]
[365]
[65]
[257]
[369]
[70]
[355]
[355]
[355]
[266]
[198]
[279]
[207]
[271]
[371]
[77]
[266]
[368]
[69]
[311]
[197]
[327]
[205]
[277]
[371]
[76]
[263]
[368]
[67]
[260]
[193]
[275]
[195]
[256]
[204]
[355]
[355]
[263]
[367]
[76]
[298]
[364]
[53]
[363]
[67]
[355]
[293]
[195]
[329]
[204]
[355]
[355]
[290]
[366]
[77]
[257]
[365]
[69]
[355]
[271]
[181]
[355]
[260]
[205]
[296]
[197]
[355]
[352]
[368]
[41]
[355]
[355]
[281]
[369]
[46]
[310]
[169]
[355]
[269]
[371]
[50]
[344]
[174]
[325]
[371]
[53]
[256]
[178]
[355]
[316]
[373]
[58]
[312]
[181]
[317]
[186]
[273]
[371]
[62]
[309]
[190]
[355]
[268]
[374]
[64]
[355]
[312]
[376]
[79]
[279]
[370]
[70]
[297]
[198]
[278]
[207]
[282]
[192]
[355]
[263]
[375]
[79]
[284]
[367]
[65]
[257]
[369]
[70]
[355]
[347]
[198]
[350]
[207]
[287]
[374]
[77]
[259]
[368]
[69]
[327]
[197]
[312]
[205]
[265]
[193]
[257]
[375]
[76]
[261]
[366]
[67]
[285]
[195]
[262]
[204]
[355]
[337]
[371]
[76]
[262]
[365]
[53]
[284]
[368]
[67]
[355]
[299]
[195]
[355]
[329]
[204]
[267]
[181]
[300]
[369]
[77]
[277]
[366]
[69]
[355]
[278]
[205]
[274]
[197]
[355]
[355]
[277]
[370]
[43]
[355]
[335]
[373]
[47]
[294]
[171]
[355]
[277]
[373]
[50]
[294]
[175]
[355]
[266]
[373]
[53]
[284]
[178]
[355]
[285]
[374]
[59]
[289]
[181]
[355]
[275]
[372]
[62]
[285]
[187]
[289]
[190]
[353]
[373]
[65]
[355]
[295]
[377]
[74]
[295]
[193]
[355]
[354]
[202]
[297]
[376]
[71]
[263]
[371]
[65]
[328]
[193]
[355]
[351]
[199]
[315]
[372]
[65]
[261]
[373]
[74]
[278]
[193]
[259]
[202]
[268]
[374]
[72]
[292]
[200]
[261]
[375]
[74]
[260]
[364]
[64]
[265]
[373]
[65]
[279]
[192]
[358]
[64]
[262]
[193]
[260]
[375]
[72]
[289]
[202]
[355]
[330]
[200]
[267]
[192]
[258]
[370]
[62]
[263]
[373]
[71]
[278]
[190]
[257]
[199]
[322]
[370]
[71]
[271]
[366]
[62]
[355]
[355]
[355]
[327]
[199]
[275]
[190]
[264]
[368]
[72]
[267]
[366]
[64]
[355]
[280]
[192]
[315]
[200]
[355]
[355]
[355]
[265]
[366]
[43]
[355]
[355]
[259]
[366]
[47]
[287]
[171]
[355]
[292]
[366]
[50]
[287]
[175]
[355]
[288]
[178]
[267]
[364]
[53]
[355]
[320]
[367]
[59]
[265]
[181]
[355]
[310]
[366]
[62]
[271]
[187]
[283]
[190]
[355]
[265]
[369]
[65]
[355]
[290]
[193]
[260]
[372]
[74]
[355]
[355]
[202]
[293]
[367]
[65]
[369]
[71]
[324]
[193]
[355]
[355]
[265]
[199]
[304]
[369]
[74]
[259]
[367]
[65]
[281]
[193]
[261]
[202]
[270]
[372]
[72]
[277]
[365]
[64]
[262]
[200]
[279]
[370]
[65]
[258]
[372]
[74]
[265]
[192]
[270]
[193]
[259]
[202]
[274]
[367]
[64]
[258]
[370]
[72]
[355]
[355]
[268]
[192]
[275]
[200]
[265]
[366]
[62]
[257]
[369]
[71]
[284]
[199]
[264]
[190]
[330]
[369]
[71]
[292]
[361]
[62]
[355]
[355]
[355]
[297]
[199]
[273]
[190]
[275]
[364]
[64]
[257]
[367]
[72]
[355]
[278]
[192]
[355]
[355]
[355]
[310]
[364]
[43]
[355]
[268]
[371]
[81]
[260]
[200]
[336]
[374]
[79]
[278]
[209]
[355]
[355]
[315]
[367]
[46]
[271]
[171]
[355]
[349]
[367]
[49]
[277]
[174]
[355]
[269]
[177]
[292]
[368]
[52]
[355]
[285]
[180]
[299]
[368]
[55]
[355]
[296]
[183]
[259]
[373]
[77]
[278]
[368]
[58]
[355]
[207]
[276]
[186]
[277]
[375]
[76]
[257]
[205]
[259]
[366]
[61]
[355]
[283]
[189]
[277]
[375]
[74]
[257]
[370]
[64]
[266]
[204]
[355]
[341]
[202]
[256]
[374]
[73]
[265]
[192]
[256]
[370]
[67]
[328]
[195]
[355]
[273]
[201]
[317]
[373]
[76]
[263]
[373]
[67]
[277]
[204]
[260]
[195]
[289]
[367]
[74]
[274]
[373]
[65]
[262]
[370]
[76]
[276]
[202]
[371]
[74]
[258]
[204]
[276]
[367]
[67]
[286]
[195]
[355]
[335]
[193]
[261]
[202]
[265]
[375]
[73]
[275]
[371]
[64]
[268]
[201]
[283]
[192]
[309]
[370]
[64]
[263]
[374]
[73]
[355]
[355]
[299]
[192]
[260]
[201]
[354]
[373]
[74]
[266]
[365]
[65]
[289]
[193]
[355]
[355]
[339]
[368]
[43]
[308]
[202]
[268]
[374]
[81]
[300]
[375]
[79]
[322]
[209]
[355]
[256]
[171]
[256]
[372]
[46]
[355]
[310]
[372]
[49]
[262]
[174]
[355]
[304]
[177]
[373]
[52]
[355]
[295]
[180]
[281]
[373]
[55]
[355]
[268]
[183]
[291]
[377]
[77]
[270]
[370]
[58]
[355]
[269]
[207]
[272]
[186]
[273]
[369]
[61]
[377]
[76]
[264]
[205]
[355]
[189]
[279]
[372]
[64]
[261]
[377]
[74]
[275]
[204]
[355]
[345]
[202]
[372]
[67]
[377]
[73]
[261]
[192]
[314]
[195]
[355]
[281]
[201]
[303]
[373]
[76]
[266]
[373]
[67]
[272]
[204]
[263]
[195]
[271]
[375]
[74]
[289]
[202]
[266]
[375]
[76]
[259]
[371]
[65]
[273]
[372]
[67]
[273]
[375]
[74]
[259]
[204]
[288]
[195]
[355]
[313]
[193]
[289]
[202]
[267]
[374]
[73]
[260]
[373]
[64]
[274]
[201]
[266]
[192]
[339]
[372]
[73]
[276]
[370]
[64]
[355]
[355]
[274]
[201]
[355]
[355]
[284]
[192]
[273]
[370]
[74]
[256]
[364]
[65]
[355]
[305]
[193]
[337]
[202]
[355]
[355]
[355]
[355]
[355]
[355]
[331]
[365]
[57]
[259]
[364]
[62]
[269]
[364]
[53]
[355]
[355]
[355]
[321]
[374]
[86]
[333]
[181]
[355]
[264]
[190]
[263]
[185]
[324]
[375]
[80]
[355]
[271]
[214]
[297]
[208]
[294]
[374]
[81]
[305]
[209]
[355]
[276]
[367]
[62]
[257]
[367]
[53]
[256]
[368]
[57]
[355]
[329]
[374]
[82]
[355]
[338]
[373]
[73]
[269]
[210]
[305]
[181]
[185]
[276]
[190]
[279]
[201]
[303]
[374]
[74]
[311]
[202]
[355]
[268]
[370]
[62]
[264]
[370]
[58]
[274]
[366]
[55]
[355]
[305]
[374]
[76]
[355]
[308]
[204]
[375]
[77]
[310]
[186]
[263]
[183]
[312]
[190]
[281]
[375]
[79]
[275]
[205]
[280]
[207]
[355]
[285]
[373]
[79]
[269]
[367]
[56]
[268]
[365]
[62]
[367]
[64]
[355]
[303]
[374]
[77]
[261]
[207]
[355]
[294]
[205]
[260]
[184]
[262]
[373]
[76]
[299]
[192]
[355]
[265]
[372]
[74]
[285]
[204]
[292]
[190]
[355]
[264]
[202]
[297]
[365]
[57]
[256]
[368]
[73]
[269]
[365]
[64]
[355]
[355]
[355]
[271]
[371]
[86]
[296]
[192]
[277]
[185]
[312]
[201]
[337]
[214]
[274]
[370]
[80]
[355]
[283]
[208]
[293]
[368]
[81]
[349]
[209]
[323]
[364]
[62]
[270]
[361]
[53]
[259]
[363]
[57]
[355]
[355]
[256]
[367]
[82]
[355]
[320]
[210]
[282]
[367]
[73]
[271]
[185]
[260]
[190]
[265]
[181]
[355]
[271]
[201]
[264]
[366]
[74]
[355]
[317]
[365]
[58]
[260]
[364]
[62]
[269]
[365]
[55]
[355]
[268]
[202]
[303]
[367]
[76]
[355]
[290]
[204]
[283]
[369]
[77]
[281]
[183]
[266]
[186]
[291]
[190]
[334]
[371]
[79]
[259]
[205]
[286]
[207]
[355]
[304]
[367]
[79]
[271]
[361]
[62]
[258]
[365]
[64]
[264]
[362]
[56]
[354]
[207]
[305]
[369]
[77]
[355]
[293]
[205]
[261]
[184]
[276]
[367]
[76]
[343]
[192]
[268]
[190]
[289]
[204]
[274]
[368]
[74]
[355]
[355]
[325]
[366]
[76]
[262]
[202]
[269]
[362]
[57]
[355]
[341]
[185]
[302]
[366]
[69]
[299]
[197]
[355]
[284]
[366]
[73]
[330]
[201]
[281]
[204]
[300]
[371]
[77]
[268]
[368]
[74]
[266]
[205]
[273]
[202]
[355]
[273]
[372]
[81]
[301]
[209]
[264]
[364]
[67]
[265]
[370]
[79]
[355]
[353]
[362]
[70]
[355]
[328]
[365]
[76]
[319]
[204]
[271]
[195]
[305]
[207]
[297]
[365]
[77]
[269]
[365]
[74]
[297]
[202]
[287]
[198]
[350]
[367]
[69]
[351]
[205]
[327]
[372]
[76]
[265]
[368]
[73]
[355]
[266]
[204]
[266]
[201]
[282]
[373]
[77]
[266]
[368]
[74]
[321]
[202]
[302]
[205]
[267]
[374]
[76]
[265]
[368]
[73]
[262]
[197]
[354]
[204]
[296]
[371]
[81]
[273]
[201]
[271]
[366]
[67]
[270]
[370]
[79]
[264]
[209]
[355]
[308]
[365]
[70]
[355]
[314]
[369]
[76]
[304]
[204]
[305]
[195]
[303]
[369]
[74]
[261]
[371]
[77]
[256]
[207]
[289]
[198]
[260]
[202]
[355]
[271]
[371]
[69]
[355]
[269]
[205]
[297]
[373]
[76]
[270]
[368]
[73]
[351]
[204]
[264]
[201]
[282]
[375]
[77]
[267]
[369]
[74]
[338]
[202]
[289]
[205]
[271]
[375]
[76]
[277]
[370]
[73]
[269]
[197]
[346]
[204]
[292]
[373]
[81]
[262]
[201]
[284]
[373]
[79]
[260]
[367]
[67]
[296]
[209]
[355]
[263]
[370]
[70]
[355]
[316]
[370]
[76]
[328]
[204]
[323]
[207]
[259]
[374]
[77]
[260]
[370]
[74]
[280]
[195]
[273]
[202]
[261]
[198]
[355]
[297]
[205]
[278]
[372]
[76]
[280]
[366]
[69]
[261]
[366]
[73]
[355]
[320]
[375]
[82]
[258]
[197]
[268]
[201]
[355]
[303]
[368]
[73]
[259]
[368]
[67]
[328]
[210]
[258]
[195]
[276]
[201]
[305]
[204]
[261]
[375]
[81]
[355]
[349]
[366]
[65]
[256]
[369]
[74]
[346]
[202]
[270]
[193]
[328]
[374]
[79]
[272]
[209]
[355]
[331]
[367]
[73]
[259]
[367]
[64]
[355]
[332]
[374]
[77]
[259]
[201]
[267]
[192]
[265]
[207]
[355]
[355]
[297]
[365]
[62]
[355]
[355]
[271]
[370]
[74]
[355]
[299]
[202]
[282]
[372]
[68]
[353]
[190]
[305]
[376]
[74]
[339]
[205]
[355]
[269]
[376]
[76]
[264]
[202]
[355]
[270]
[196]
[283]
[372]
[69]
[355]
[318]
[373]
[61]
[267]
[197]
[355]
[204]
[283]
[375]
[77]
[350]
[205]
[316]
[372]
[76]
[288]
[204]
[269]
[375]
[77]
[308]
[375]
[79]
[257]
[205]
[320]
[189]
[286]
[369]
[62]
[355]
[332]
[373]
[56]
[260]
[190]
[355]
[283]
[377]
[77]
[340]
[207]
[347]
[376]
[76]
[308]
[205]
[355]
[261]
[184]
[257]
[372]
[57]
[355]
[341]
[372]
[49]
[274]
[185]
[332]
[177]
[316]
[375]
[79]
[292]
[204]
[355]
[284]
[367]
[50]
[292]
[373]
[77]
[291]
[207]
[355]
[269]
[375]
[76]
[283]
[205]
[355]
[297]
[374]
[74]
[257]
[204]
[262]
[368]
[53]
[263]
[178]
[355]
[304]
[202]
[257]
[372]
[81]
[355]
[323]
[209]
[260]
[371]
[77]
[262]
[367]
[55]
[279]
[181]
[355]
[286]
[369]
[76]
[259]
[205]
[355]
[326]
[204]
[265]
[183]
[258]
[369]
[74]
[260]
[363]
[57]
[355]
[305]
[202]
[273]
[368]
[76]
[281]
[185]
[270]
[204]
[355]
[355]
[354]
[368]
[77]
[355]
[355]
[355]
[355]
[355]
[285]
[364]
[74]
[355]
[355]
[271]
[202]
[270]
[367]
[68]
[355]
[355]
[320]
[369]
[74]
[355]
[289]
[205]
[309]
[202]
[266]
[371]
[76]
[355]
[295]
[196]
[288]
[368]
[69]
[355]
[305]
[197]
[282]
[369]
[61]
[346]
[204]
[302]
[370]
[77]
[316]
[205]
[355]
[262]
[371]
[76]
[284]
[204]
[275]
[371]
[77]
[304]
[205]
[271]
[371]
[79]
[321]
[189]
[299]
[365]
[62]
[355]
[324]
[190]
[301]
[365]
[56]
[355]
[306]
[369]
[77]
[256]
[207]
[355]
[331]
[205]
[256]
[367]
[76]
[355]
[291]
[184]
[288]
[367]
[57]
[355]
[342]
[364]
[49]
[274]
[185]
[315]
[177]
[333]
[204]
[272]
[368]
[79]
[355]
[316]
[365]
[50]
[263]
[207]
[270]
[370]
[77]
[355]
[302]
[371]
[76]
[278]
[205]
[355]
[307]
[204]
[267]
[368]
[74]
[261]
[363]
[53]
[265]
[178]
[355]
[280]
[202]
[279]
[369]
[81]
[355]
[335]
[209]
[264]
[368]
[77]
[259]
[365]
[55]
[264]
[181]
[355]
[319]
[205]
[367]
[76]
[355]
[314]
[204]
[281]
[368]
[74]
[268]
[362]
[57]
[315]
[183]
[345]
[202]
[277]
[368]
[73]
[265]
[185]
[355]
[355]
[347]
[201]
[272]
[365]
[74]
[263]
[362]
[57]
[267]
[364]
[50]
[260]
[359]
[62]
[355]
[355]
[265]
[372]
[86]
[321]
[178]
[333]
[202]
[337]
[371]
[80]
[300]
[214]
[278]
[185]
[286]
[190]
[328]
[208]
[289]
[369]
[81]
[355]
[354]
[366]
[57]
[363]
[62]
[256]
[363]
[53]
[306]
[209]
[355]
[267]
[372]
[82]
[345]
[185]
[271]
[181]
[312]
[210]
[273]
[372]
[73]
[288]
[190]
[319]
[201]
[313]
[373]
[74]
[297]
[202]
[355]
[281]
[370]
[64]
[259]
[364]
[62]
[260]
[366]
[55]
[355]
[316]
[374]
[76]
[355]
[320]
[183]
[261]
[204]
[374]
[77]
[332]
[192]
[313]
[205]
[271]
[373]
[79]
[355]
[269]
[190]
[306]
[207]
[283]
[371]
[77]
[265]
[366]
[64]
[265]
[362]
[57]
[355]
[269]
[205]
[268]
[372]
[76]
[355]
[332]
[192]
[257]
[371]
[74]
[278]
[204]
[265]
[185]
[355]
[275]
[369]
[73]
[260]
[202]
[292]
[201]
[355]
[271]
[362]
[50]
[303]
[362]
[57]
[300]
[366]
[74]
[274]
[363]
[62]
[355]
[355]
[269]
[178]
[355]
[285]
[369]
[86]
[342]
[190]
[274]
[185]
[340]
[202]
[273]
[214]
[274]
[370]
[80]
[355]
[279]
[208]
[305]
[368]
[81]
[318]
[365]
[53]
[333]
[368]
[57]
[276]
[209]
[324]
[367]
[62]
[355]
[355]
[293]
[369]
[82]
[355]
[319]
[210]
[292]
[185]
[261]
[368]
[73]
[263]
[181]
[355]
[287]
[190]
[259]
[201]
[288]
[367]
[74]
[355]
[270]
[367]
[55]
[290]
[366]
[62]
[286]
[202]
[273]
[374]
[64]
[355]
[353]
[371]
[76]
[355]
[314]
[204]
[280]
[372]
[77]
[295]
[183]
[355]
[192]
[258]
[205]
[280]
[373]
[79]
[355]
[355]
[261]
[190]
[260]
[372]
[77]
[285]
[368]
[64]
[258]
[366]
[57]
[290]
[207]
[355]
[355]
[268]
[205]
[264]
[371]
[76]
[355]
[355]
[287]
[371]
[74]
[258]
[204]
[287]
[192]
[292]
[185]
[355]
[282]
[202]
[269]
[367]
[73]
[350]
[201]
[355]
[355]
[332]
[365]
[74]
[288]
[360]
[62]
[260]
[364]
[50]
[355]
[355]
[355]
[355]
[304]
[368]
[70]
[355]
[257]
[202]
[355]
[335]
[178]
[268]
[367]
[55]
[274]
[190]
[355]
[355]
[290]
[370]
[69]
[280]
[198]
[355]
[332]
[370]
[53]
[277]
[183]
[355]
[328]
[374]
[67]
[305]
[197]
[355]
[277]
[181]
[258]
[371]
[52]
[355]
[339]
[374]
[65]
[272]
[195]
[355]
[312]
[369]
[50]
[256]
[180]
[355]
[352]
[374]
[64]
[267]
[193]
[355]
[295]
[178]
[298]
[367]
[55]
[355]
[355]
[261]
[370]
[62]
[269]
[192]
[355]
[307]
[183]
[299]
[367]
[57]
[355]
[355]
[313]
[368]
[61]
[259]
[190]
[355]
[355]
[313]
[365]
[45]
[355]
[355]
[285]
[185]
[355]
[263]
[365]
[62]
[287]
[189]
[355]
[355]
[315]
[173]
[306]
[362]
[50]
[355]
[313]
[190]
[355]
[355]
[355]
[264]
[178]
[355]
[273]
[367]
[82]
[277]
[361]
[70]
[355]
[355]
[355]
[274]
[364]
[43]
[260]
[364]
[55]
[310]
[210]
[274]
[198]
[299]
[183]
[293]
[171]
[355]
[260]
[372]
[81]
[269]
[366]
[69]
[355]
[355]
[264]
[366]
[41]
[363]
[53]
[320]
[209]
[269]
[197]
[287]
[181]
[296]
[169]
[331]
[373]
[79]
[269]
[368]
[67]
[355]
[324]
[366]
[52]
[260]
[365]
[40]
[286]
[207]
[262]
[195]
[313]
[180]
[340]
[168]
[272]
[371]
[77]
[281]
[365]
[65]
[355]
[337]
[364]
[50]
[256]
[364]
[38]
[311]
[205]
[271]
[193]
[332]
[166]
[292]
[178]
[313]
[372]
[76]
[296]
[360]
[64]
[355]
[355]
[280]
[366]
[55]
[288]
[204]
[320]
[192]
[355]
[260]
[183]
[308]
[369]
[74]
[274]
[361]
[62]
[355]
[355]
[350]
[366]
[57]
[355]
[319]
[202]
[355]
[266]
[368]
[69]
[257]
[190]
[307]
[197]
[355]
[355]
[355]
[298]
[368]
[64]
[266]
[364]
[45]
[355]
[324]
[185]
[355]
[355]
[350]
[368]
[73]
[268]
[365]
[67]
[355]
[292]
[173]
[268]
[201]
[355]
[355]
[355]
[291]
[195]
[355]
[355]
[285]
[192]
[355]
[355]
[355]
[346]
[370]
[73]
[280]
[365]
[67]
[257]
[365]
[64]
[267]
[365]
[45]
[258]
[362]
[50]
[258]
[363]
[38]
[355]
[355]
[355]
[355]
[355]
[355]
[355]
[292]
[192]
[355]
[333]
[201]
[319]
[195]
[355]
[355]
[355]
[355]
[355]
[355]
[355]
[301]
[363]
[69]
[258]
[366]
[74]
[275]
[360]
[65]
[355]
[355]
[355]
[355]
[355]
[355]
[355]
[355]
[355]
[355]
[350]
[202]
[347]
[197]
[353]
[173]
[193]
[294]
[178]
[287]
[166]
