[355]
[355]
[355]
[355]
[355]
[355]
[355]
[314]
[364]
[43]
[256]
[365]
[50]
[355]
[355]
[355]
[355]
[355]
[355]
[355]
[355]
[355]
[264]
[364]
[67]
[258]
[362]
[58]
[355]
[355]
[338]
[186]
[355]
[259]
[178]
[355]
[355]
[355]
[295]
[171]
[265]
[195]
[355]
[355]
[355]
[355]
[355]
[355]
[355]
[355]
[355]
[355]
[355]
[336]
[366]
[50]
[269]
[365]
[43]
[355]
[355]
[355]
[355]
[355]
[355]
[355]
[355]
[355]
[355]
[260]
[366]
[67]
[266]
[367]
[58]
[355]
[346]
[186]
[355]
[355]
[273]
[178]
[355]
[283]
[195]
[355]
[355]
[355]
[354]
[171]
[355]
[355]
[355]
[355]
[355]
[355]
[355]
[355]
[355]
[355]
[355]
[355]
[281]
[370]
[62]
[348]
[361]
[43]
[256]
[362]
[50]
[355]
[355]
[355]
[355]
[355]
[355]
[355]
[336]
[190]
[355]
[355]
[355]
[295]
[364]
[67]
[289]
[363]
[58]
[265]
[171]
[355]
[256]
[178]
[266]
[186]
[275]
[195]
[355]
[355]
[355]
[279]
[371]
[62]
[355]
[355]
[297]
[190]
[355]
[273]
[374]
[60]
[355]
[355]
[264]
[188]
[353]
[374]
[58]
[345]
[186]
[355]
[355]
[260]
[372]
[57]
[287]
[366]
[43]
[259]
[366]
[50]
[355]
[355]
[294]
[185]
[261]
[369]
[62]
[355]
[316]
[190]
[355]
[355]
[312]
[369]
[57]
[272]
[365]
[66]
[355]
[355]
[355]
[355]
[355]
[267]
[185]
[326]
[171]
[294]
[194]
[325]
[178]
[355]
[355]
[355]
[355]
[355]
[355]
[319]
[372]
[62]
[355]
[355]
[355]
[355]
[355]
[332]
[373]
[66]
[336]
[361]
[50]
[267]
[367]
[43]
[355]
[353]
[194]
[355]
[355]
[355]
[355]
[355]
[355]
[331]
[190]
[339]
[366]
[66]
[272]
[363]
[57]
[291]
[171]
[355]
[307]
[178]
[293]
[194]
[343]
[185]
[270]
[369]
[62]
[355]
[355]
[355]
[281]
[372]
[60]
[320]
[190]
[355]
[350]
[188]
[283]
[370]
[57]
[355]
[292]
[185]
[355]
[344]
[369]
[58]
[318]
[363]
[43]
[361]
[50]
[355]
[355]
[355]
[355]
[355]
[355]
[335]
[364]
[67]
[355]
[355]
[333]
[186]
[279]
[195]
[355]
[355]
[355]
[355]
[355]
[355]
[355]
[341]
[171]
[355]
[285]
[178]
[355]
[355]
[355]
[297]
[372]
[58]
[355]
[355]
[355]
[354]
[370]
[62]
[333]
[363]
[50]
[266]
[363]
[43]
[319]
[186]
[355]
[355]
[355]
[355]
[355]
[290]
[178]
[331]
[367]
[67]
[293]
[363]
[58]
[340]
[190]
[195]
[298]
[171]
[297]
[186]
[355]
[355]
[355]
[350]
[372]
[60]
[355]
[299]
[188]
[355]
[295]
[374]
[58]
[286]
[186]
[355]
[355]
[355]
[284]
[374]
[56]
[281]
[368]
[36]
[355]
[355]
[355]
[266]
[373]
[63]
[277]
[184]
[289]
[191]
[355]
[355]
[355]
[338]
[371]
[68]
[266]
[369]
[63]
[271]
[366]
[56]
[355]
[355]
[355]
[322]
[196]
[316]
[184]
[354]
[164]
[345]
[191]
[355]
[355]
[355]
[355]
[355]
[296]
[372]
[55]
[355]
[355]
[355]
[355]
[286]
[373]
[54]
[286]
[367]
[38]
[258]
[183]
[268]
[364]
[50]
[355]
[355]
[299]
[182]
[297]
[373]
[57]
[283]
[185]
[355]
[355]
[342]
[371]
[62]
[287]
[366]
[57]
[268]
[367]
[66]
[355]
[271]
[185]
[355]
[277]
[194]
[275]
[166]
[264]
[190]
[262]
[372]
[60]
[355]
[257]
[178]
[278]
[188]
[355]
[292]
[373]
[58]
[355]
[332]
[186]
[330]
[371]
[57]
[333]
[185]
[355]
[355]
[318]
[370]
[55]
[298]
[366]
[43]
[258]
[364]
[50]
[355]
[355]
[355]
[263]
[171]
[284]
[183]
[355]
[355]
[355]
[355]
[320]
[368]
[67]
[280]
[365]
[58]
[355]
[355]
[355]
[355]
[352]
[195]
[355]
[355]
[355]
[355]
[332]
[186]
[355]
[268]
[178]
[355]
[355]
[355]
[355]
[355]
[355]
[355]
[355]
[355]
[316]
[372]
[62]
[355]
[260]
[190]
[355]
[355]
[291]
[372]
[62]
[298]
[366]
[50]
[260]
[365]
[43]
[355]
[355]
[355]
[355]
[355]
[346]
[370]
[67]
[263]
[368]
[65]
[272]
[366]
[59]
[355]
[355]
[355]
[340]
[171]
[285]
[195]
[280]
[178]
[290]
[190]
[297]
[193]
[352]
[374]
[63]
[307]
[187]
[355]
[290]
[191]
[324]
[374]
[65]
[355]
[325]
[193]
[355]
[287]
[373]
[63]
[296]
[365]
[48]
[258]
[367]
[36]
[355]
[355]
[276]
[191]
[260]
[371]
[62]
[355]
[269]
[190]
[355]
[355]
[351]
[371]
[60]
[283]
[364]
[63]
[266]
[366]
[67]
[355]
[355]
[355]
[271]
[195]
[338]
[164]
[355]
[355]
[355]
[316]
[188]
[355]
[351]
[371]
[58]
[265]
[176]
[355]
[294]
[191]
[355]
[355]
[261]
[186]
[333]
[368]
[57]
[302]
[363]
[41]
[257]
[364]
[48]
[355]
[355]
[355]
[355]
[355]
[355]
[355]
[313]
[366]
[65]
[266]
[365]
[63]
[355]
[355]
[355]
[259]
[191]
[355]
[309]
[371]
[63]
[355]
[355]
[340]
[191]
[268]
[193]
[280]
[369]
[62]
[348]
[185]
[303]
[169]
[319]
[190]
[310]
[371]
[61]
[289]
[189]
[282]
[176]
[355]
[355]
[334]
[366]
[62]
[312]
[365]
[46]
[355]
[355]
[355]
[355]
[355]
[355]
[355]
[277]
[190]
[342]
[364]
[65]
[262]
[364]
[58]
[355]
[355]
[355]
[303]
[193]
[355]
[344]
[186]
[355]
[355]
[355]
[355]
[355]
[355]
[355]
[319]
[174]
[355]
[260]
[370]
[62]
[355]
[337]
[190]
[355]
[335]
[371]
[62]
[329]
[364]
[43]
[256]
[363]
[50]
[355]
[355]
[355]
[355]
[270]
[171]
[355]
[291]
[178]
[355]
[355]
[355]
[287]
[367]
[67]
[273]
[367]
[58]
[355]
[314]
[190]
[307]
[195]
[328]
[186]
[355]
[355]
[355]
[302]
[371]
[60]
[355]
[355]
[283]
[188]
[289]
[376]
[58]
[294]
[186]
[355]
[355]
[301]
[375]
[63]
[295]
[369]
[36]
[262]
[366]
[48]
[355]
[355]
[267]
[191]
[374]
[60]
[337]
[188]
[355]
[355]
[355]
[263]
[374]
[56]
[277]
[368]
[68]
[261]
[369]
[63]
[355]
[355]
[355]
[308]
[164]
[283]
[176]
[310]
[196]
[292]
[184]
[355]
[355]
[355]
[355]
[355]
[257]
[375]
[56]
[355]
[274]
[184]
[336]
[191]
[355]
[355]
[271]
[376]
[55]
[271]
[370]
[49]
[257]
[371]
[37]
[355]
[355]
[338]
[183]
[353]
[377]
[57]
[355]
[268]
[185]
[355]
[331]
[374]
[58]
[265]
[372]
[64]
[373]
[67]
[355]
[355]
[316]
[374]
[57]
[267]
[186]
[291]
[192]
[355]
[354]
[374]
[58]
[267]
[185]
[347]
[195]
[355]
[296]
[376]
[55]
[321]
[165]
[262]
[186]
[266]
[183]
[308]
[177]
[355]
[355]
[315]
[373]
[62]
[297]
[369]
[38]
[260]
[366]
[50]
[355]
[355]
[355]
[355]
[355]
[346]
[372]
[66]
[283]
[362]
[57]
[355]
[355]
[306]
[185]
[355]
[259]
[194]
[288]
[190]
[355]
[273]
[166]
[306]
[178]
[355]
[355]
[355]
[355]
[323]
[370]
[50]
[258]
[369]
[38]
[316]
[166]
[287]
[178]
[355]
[355]
[355]
[257]
[369]
[50]
[332]
[370]
[57]
[343]
[369]
[66]
[340]
[374]
[74]
[311]
[194]
[269]
[202]
[355]
[355]
[355]
[355]
[355]
[355]
[269]
[185]
[355]
[355]
[355]
[355]
[355]
[355]
[303]
[178]
[355]
[355]
[355]
[355]
[333]
[370]
[62]
[355]
[320]
[190]
[355]
[355]
[355]
[321]
[368]
[62]
[314]
[365]
[50]
[259]
[364]
[43]
[355]
[355]
[338]
[178]
[260]
[171]
[355]
[355]
[269]
[190]
[355]
[355]
[307]
[364]
[50]
[355]
[275]
[364]
[58]
[261]
[364]
[67]
[298]
[368]
[74]
[283]
[195]
[268]
[202]
[355]
[355]
[355]
[312]
[186]
[355]
[355]
[355]
[355]
[301]
[370]
[60]
[355]
[355]
[355]
[260]
[178]
[271]
[373]
[58]
[322]
[188]
[355]
[274]
[186]
[355]
[279]
[372]
[57]
[299]
[365]
[43]
[263]
[363]
[50]
[355]
[355]
[279]
[185]
[266]
[368]
[62]
[280]
[178]
[274]
[190]
[355]
[355]
[270]
[363]
[50]
[311]
[366]
[66]
[321]
[366]
[74]
[330]
[369]
[57]
[355]
[355]
[355]
[355]
[269]
[202]
[355]
[355]
[355]
[355]
[355]
[355]
[355]
[316]
[373]
[62]
[342]
[194]
[355]
[275]
[171]
[264]
[178]
[327]
[185]
[355]
[355]
[352]
[375]
[66]
[309]
[366]
[43]
[257]
[367]
[51]
[355]
[355]
[355]
[339]
[179]
[355]
[264]
[194]
[355]
[355]
[260]
[365]
[50]
[349]
[367]
[57]
[306]
[369]
[66]
[256]
[190]
[316]
[370]
[74]
[355]
[318]
[171]
[304]
[178]
[293]
[202]
[276]
[185]
[338]
[370]
[62]
[328]
[190]
[332]
[194]
[355]
[335]
[370]
[60]
[355]
[263]
[188]
[355]
[307]
[372]
[57]
[355]
[337]
[185]
[355]
[355]
[312]
[368]
[58]
[305]
[364]
[50]
[282]
[364]
[43]
[355]
[355]
[331]
[171]
[281]
[178]
[265]
[186]
[355]
[355]
[344]
[364]
[50]
[355]
[285]
[364]
[67]
[270]
[362]
[58]
[292]
[366]
[74]
[323]
[202]
[259]
[195]
[355]
[355]
[355]
[355]
[355]
[355]
[355]
[355]
[355]
[355]
[355]
[355]
[311]
[186]
[355]
[355]
[301]
[178]
[342]
[368]
[62]
[355]
[349]
[190]
[355]
[355]
[296]
[366]
[62]
[310]
[364]
[43]
[282]
[360]
[50]
[355]
[332]
[171]
[315]
[178]
[355]
[271]
[190]
[355]
[303]
[362]
[50]
[345]
[363]
[58]
[279]
[364]
[67]
[296]
[368]
[74]
[298]
[202]
[257]
[195]
[355]
[351]
[186]
[355]
[355]
[343]
[178]
[355]
[295]
[368]
[60]
[340]
[188]
[355]
[355]
[262]
[371]
[58]
[300]
[186]
[355]
[355]
[355]
[355]
[286]
[369]
[56]
[273]
[363]
[36]
[276]
[358]
[51]
[355]
[355]
[355]
[261]
[164]
[348]
[179]
[288]
[184]
[307]
[367]
[63]
[301]
[191]
[355]
[355]
[278]
[357]
[56]
[295]
[363]
[60]
[316]
[365]
[68]
[303]
[368]
[75]
[355]
[355]
[355]
[277]
[203]
[297]
[188]
[355]
[355]
[336]
[184]
[355]
[355]
[339]
[196]
[355]
[355]
[355]
[270]
[368]
[55]
[355]
[337]
[183]
[355]
[355]
[327]
[368]
[54]
[307]
[364]
[38]
[266]
[361]
[50]
[355]
[355]
[321]
[182]
[278]
[369]
[57]
[303]
[185]
[355]
[271]
[166]
[355]
[286]
[178]
[277]
[365]
[62]
[298]
[369]
[66]
[307]
[370]
[74]
[355]
[322]
[190]
[355]
[270]
[194]
[314]
[369]
[60]
[317]
[188]
[355]
[355]
[276]
[369]
[58]
[297]
[186]
[258]
[202]
[355]
[355]
[285]
[367]
[57]
[290]
[185]
[355]
[355]
[273]
[366]
[43]
[303]
[365]
[50]
[336]
[367]
[55]
[355]
[274]
[171]
[295]
[178]
[355]
[355]
[327]
[183]
[355]
[355]
[333]
[363]
[58]
[329]
[363]
[67]
[336]
[367]
[74]
[355]
[355]
[355]
[339]
[186]
[355]
[355]
[355]
[355]
[355]
[355]
[355]
[295]
[195]
[355]
[355]
[355]
[338]
[361]
[43]
[275]
[364]
[50]
[346]
[366]
[55]
[355]
[266]
[171]
[279]
[178]
[355]
[355]
[333]
[183]
[355]
[336]
[202]
[355]
[355]
[355]
[263]
[360]
[58]
[296]
[365]
[67]
[355]
[355]
[355]
[355]
[355]
[355]
[355]
[341]
[186]
[346]
[195]
[355]
[355]
[355]
[355]
[355]
[355]
[355]
[355]
[355]
[355]
[355]
[355]
[355]
[355]
[355]
[355]
[307]
[366]
[62]
[355]
[355]
[355]
[355]
[355]
[355]
[309]
[372]
[71]
[355]
[267]
[190]
[355]
[355]
[304]
[199]
[355]
[295]
[363]
[50]
[266]
[361]
[53]
[332]
[374]
[71]
[355]
[355]
[355]
[355]
[295]
[365]
[55]
[292]
[183]
[266]
[178]
[362]
[62]
[263]
[181]
[279]
[190]
[352]
[370]
[43]
[285]
[171]
[355]
[308]
[199]
[291]
[367]
[67]
[257]
[368]
[59]
[287]
[187]
[355]
[339]
[195]
[328]
[366]
[55]
[276]
[364]
[62]
[355]
[355]
[268]
[190]
[290]
[374]
[69]
[256]
[183]
[279]
[367]
[53]
[355]
[312]
[197]
[318]
[368]
[55]
[259]
[181]
[262]
[375]
[67]
[284]
[183]
[355]
[271]
[195]
[355]
[265]
[373]
[67]
[256]
[367]
[43]
[366]
[52]
[282]
[365]
[60]
[309]
[188]
[267]
[171]
[306]
[195]
[329]
[180]
[274]
[376]
[76]
[279]
[365]
[55]
[316]
[183]
[314]
[204]
[355]
[287]
[373]
[76]
[296]
[363]
[60]
[257]
[365]
[48]
[256]
[365]
[67]
[355]
[204]
[335]
[195]
[274]
[188]
[269]
[176]
[299]
[367]
[64]
[274]
[364]
[55]
[354]
[192]
[355]
[271]
[183]
[273]
[365]
[60]
[263]
[366]
[52]
[278]
[188]
[355]
[319]
[180]
[267]
[367]
[55]
[298]
[376]
[76]
[279]
[183]
[285]
[361]
[64]
[298]
[192]
[280]
[204]
[355]
[285]
[376]
[76]
[281]
[366]
[49]
[258]
[366]
[55]
[298]
[364]
[64]
[328]
[183]
[279]
[177]
[295]
[204]
[258]
[368]
[57]
[266]
[192]
[278]
[185]
[277]
[370]
[67]
[305]
[369]
[45]
[285]
[173]
[355]
[281]
[195]
[289]
[374]
[69]
[270]
[367]
[61]
[317]
[189]
[355]
[295]
[197]
[266]
[372]
[67]
[259]
[368]
[57]
[355]
[355]
[270]
[375]
[73]
[273]
[185]
[262]
[368]
[64]
[262]
[369]
[55]
[281]
[192]
[348]
[201]
[265]
[195]
[304]
[374]
[71]
[263]
[367]
[57]
[257]
[183]
[259]
[370]
[61]
[285]
[185]
[349]
[189]
[355]
[263]
[199]
[277]
[370]
[69]
[282]
[366]
[45]
[260]
[365]
[54]
[362]
[62]
[350]
[190]
[272]
[173]
[355]
[256]
[367]
[66]
[257]
[182]
[259]
[368]
[57]
[272]
[197]
[268]
[185]
[355]
[355]
[310]
[365]
[69]
[262]
[365]
[62]
[262]
[366]
[50]
[272]
[194]
[355]
[347]
[190]
[280]
[178]
[289]
[365]
[66]
[276]
[363]
[57]
[331]
[197]
[350]
[185]
[342]
[361]
[54]
[258]
[363]
[62]
[270]
[194]
[355]
[355]
[268]
[364]
[57]
[293]
[185]
[273]
[182]
[320]
[373]
[74]
[290]
[366]
[66]
[310]
[190]
[276]
[368]
[42]
[323]
[170]
[294]
[202]
[344]
[361]
[57]
[261]
[377]
[74]
[296]
[185]
[361]
[60]
[297]
[188]
[282]
[202]
[298]
[194]
[326]
[376]
[72]
[292]
[367]
[62]
[266]
[369]
[38]
[326]
[166]
[355]
[259]
[200]
[258]
[190]
[268]
[372]
[69]
[274]
[367]
[54]
[267]
[367]
[66]
[273]
[182]
[355]
[265]
[197]
[284]
[194]
[302]
[366]
[62]
[355]
[343]
[190]
[298]
[368]
[60]
[290]
[188]
[296]
[367]
[42]
[291]
[170]
[319]
[370]
[57]
[273]
[374]
[74]
[263]
[185]
[269]
[369]
[72]
[276]
[200]
[355]
[338]
[202]
[291]
[374]
[71]
[259]
[370]
[59]
[259]
[367]
[43]
[302]
[187]
[325]
[171]
[296]
[199]
[293]
[376]
[74]
[265]
[367]
[62]
[276]
[202]
[258]
[190]
[300]
[370]
[38]
[286]
[166]
[355]
[324]
[374]
[79]
[269]
[368]
[55]
[259]
[370]
[71]
[280]
[183]
[261]
[207]
[258]
[199]
[355]
[339]
[368]
[62]
[326]
[190]
[355]
[266]
[372]
[59]
[280]
[187]
[332]
[367]
[43]
[289]
[171]
[315]
[367]
[62]
[280]
[370]
[59]
[272]
[190]
[264]
[187]
[282]
[375]
[76]
[297]
[204]
[280]
[356]
[74]
[297]
[202]
[355]
[289]
[375]
[74]
[270]
[369]
[45]
[261]
[366]
[60]
[299]
[357]
[62]
[259]
[188]
[302]
[190]
[285]
[202]
[272]
[173]
[308]
[374]
[73]
[258]
[370]
[66]
[284]
[194]
[279]
[201]
[277]
[372]
[60]
[279]
[367]
[38]
[258]
[188]
[291]
[166]
[272]
[368]
[66]
[282]
[194]
[291]
[374]
[76]
[288]
[371]
[57]
[275]
[204]
[261]
[185]
[355]
[332]
[377]
[74]
[261]
[367]
[62]
[354]
[202]
[266]
[190]
[341]
[376]
[73]
[269]
[368]
[66]
[286]
[194]
[335]
[201]
[331]
[376]
[74]
[267]
[367]
[45]
[265]
[362]
[62]
[289]
[173]
[270]
[190]
[355]
[280]
[202]
[355]
[266]
[371]
[71]
[272]
[369]
[43]
[262]
[369]
[59]
[266]
[365]
[67]
[355]
[257]
[187]
[320]
[195]
[257]
[171]
[258]
[199]
[299]
[368]
[62]
[355]
[286]
[365]
[38]
[296]
[166]
[292]
[190]
[308]
[367]
[59]
[355]
[275]
[187]
[340]
[364]
[62]
[355]
[355]
[298]
[190]
[290]
[368]
[67]
[355]
[355]
[264]
[363]
[43]
[260]
[363]
[59]
[334]
[375]
[74]
[280]
[187]
[270]
[361]
[62]
[283]
[171]
[294]
[190]
[348]
[202]
[282]
[372]
[42]
[295]
[170]
[296]
[376]
[74]
[281]
[365]
[60]
[277]
[370]
[57]
[273]
[188]
[267]
[185]
[291]
[202]
[350]
[195]
[274]
[378]
[72]
[285]
[365]
[62]
[325]
[368]
[38]
[298]
[166]
[332]
[190]
[264]
[200]
[259]
[373]
[69]
[290]
[367]
[66]
[262]
[363]
[54]
[295]
[182]
[349]
[197]
[266]
[194]
[299]
[367]
[62]
[355]
[354]
[190]
[283]
[369]
[60]
[280]
[188]
[334]
[369]
[42]
[285]
[170]
[319]
[368]
[57]
[266]
[377]
[74]
[272]
[185]
[355]
[355]
[318]
[202]
[278]
[374]
[71]
[277]
[370]
[43]
[355]
[334]
[199]
[258]
[171]
[288]
[376]
[74]
[276]
[367]
[62]
[282]
[202]
[256]
[190]
[326]
[369]
[62]
[282]
[190]
[281]
[373]
[71]
[355]
[268]
[369]
[43]
[336]
[199]
[265]
[375]
[79]
[282]
[207]
[355]
[355]
[315]
[367]
[55]
[288]
[183]
[267]
[171]
[355]
[355]
[276]
[366]
[55]
[260]
[368]
[59]
[355]
[323]
[183]
[355]
[277]
[369]
[40]
[336]
[374]
[67]
[298]
[187]
[335]
[168]
[280]
[195]
[355]
[355]
[333]
[373]
[67]
[272]
[369]
[59]
[275]
[367]
[38]
[268]
[364]
[50]
[355]
[311]
[187]
[355]
[323]
[195]
[257]
[372]
[71]
[355]
[314]
[199]
[355]
[355]
[348]
[372]
[74]
[355]
[355]
[355]
[355]
[304]
[178]
[256]
[166]
[264]
[202]
[355]
[355]
[282]
[371]
[76]
[333]
[204]
[317]
[371]
[74]
[283]
[202]
[355]
[315]
[365]
[38]
[296]
[365]
[50]
[315]
[367]
[57]
[328]
[185]
[269]
[366]
[66]
[355]
[312]
[370]
[72]
[314]
[194]
[333]
[166]
[263]
[200]
[355]
[355]
[342]
[367]
[66]
[263]
[178]
[300]
[194]
[355]
[355]
[355]
[355]
[367]
[67]
[290]
[363]
[59]
[275]
[363]
[43]
[266]
[361]
[50]
[355]
[355]
[355]
[259]
[171]
[323]
[187]
[292]
[195]
[272]
[364]
[62]
[355]
[263]
[178]
[355]
[354]
[369]
[67]
[355]
[276]
[190]
[355]
[326]
[363]
[62]
[310]
[195]
[289]
[190]
[355]
[336]
[364]
[59]
[310]
[187]
[355]
[313]
[365]
[55]
[312]
[377]
[74]
[275]
[367]
[71]
[260]
[183]
[295]
[199]
[267]
[202]
[355]
[355]
[355]
[278]
[376]
[76]
[297]
[362]
[49]
[257]
[365]
[55]
[355]
[355]
[279]
[177]
[261]
[183]
[291]
[365]
[57]
[275]
[365]
[64]
[272]
[366]
[67]
[259]
[185]
[271]
[204]
[277]
[192]
[350]
[356]
[45]
[301]
[173]
[283]
[195]
[318]
[372]
[69]
[265]
[370]
[64]
[287]
[192]
[355]
[355]
[261]
[197]
[256]
[366]
[57]
[367]
[61]
[277]
[362]
[67]
[261]
[189]
[290]
[185]
[262]
[195]
[355]
[290]
[369]
[55]
[312]
[183]
[355]
[317]
[377]
[76]
[271]
[368]
[49]
[267]
[363]
[67]
[274]
[177]
[281]
[195]
[332]
[204]
[339]
[376]
[76]
[272]
[367]
[50]
[256]
[367]
[54]
[303]
[204]
[330]
[178]
[265]
[370]
[57]
[275]
[182]
[263]
[185]
[280]
[376]
[78]
[304]
[206]
[281]
[370]
[45]
[286]
[173]
[355]
[296]
[366]
[62]
[259]
[376]
[74]
[304]
[190]
[355]
[276]
[202]
[315]
[367]
[57]
[265]
[367]
[62]
[260]
[368]
[66]
[281]
[190]
[317]
[194]
[288]
[185]
[313]
[370]
[54]
[355]
[345]
[366]
[50]
[261]
[378]
[74]
[256]
[370]
[57]
[284]
[185]
[275]
[178]
[259]
[182]
[298]
[202]
[355]
[301]
[376]
[74]
[283]
[366]
[52]
[258]
[368]
[55]
[352]
[180]
[257]
[183]
[260]
[202]
[314]
[368]
[57]
[376]
[73]
[270]
[369]
[67]
[257]
[368]
[64]
[268]
[185]
[308]
[192]
[263]
[367]
[45]
[256]
[201]
[284]
[173]
[354]
[374]
[71]
[270]
[195]
[262]
[369]
[61]
[282]
[189]
[349]
[199]
[305]
[370]
[57]
[256]
[374]
[69]
[275]
[370]
[67]
[262]
[367]
[61]
[331]
[189]
[328]
[185]
[276]
[371]
[55]
[256]
[375]
[71]
[259]
[195]
[281]
[197]
[298]
[183]
[327]
[199]
[289]
[376]
[73]
[256]
[370]
[52]
[267]
[368]
[57]
[282]
[362]
[61]
[261]
[185]
[259]
[180]
[270]
[201]
[267]
[189]
[355]
[320]
[373]
[73]
[280]
[365]
[54]
[264]
[366]
[50]
[355]
[300]
[369]
[57]
[269]
[182]
[258]
[178]
[265]
[185]
[278]
[366]
[62]
[369]
[66]
[308]
[190]
[294]
[201]
[265]
[368]
[45]
[281]
[173]
[355]
[295]
[366]
[62]
[259]
[194]
[256]
[371]
[74]
[288]
[190]
[279]
[202]
[355]
[317]
[366]
[57]
[274]
[363]
[62]
[258]
[367]
[66]
[301]
[190]
[302]
[194]
[287]
[185]
[310]
[370]
[54]
[355]
[342]
[369]
[57]
[264]
[377]
[74]
[261]
[182]
[268]
[185]
[271]
[364]
[66]
[287]
[202]
[257]
[194]
[355]
[355]
[277]
[375]
[76]
[274]
[367]
[55]
[266]
[365]
[49]
[355]
[256]
[183]
[278]
[177]
[289]
[367]
[57]
[278]
[204]
[262]
[369]
[64]
[256]
[185]
[268]
[367]
[67]
[269]
[192]
[305]
[368]
[45]
[283]
[173]
[311]
[195]
[327]
[372]
[69]
[269]
[368]
[64]
[282]
[192]
[355]
[319]
[369]
[67]
[261]
[365]
[57]
[261]
[362]
[61]
[294]
[189]
[261]
[195]
[271]
[197]
[259]
[185]
[355]
[289]
[370]
[55]
[292]
[183]
[355]
[313]
[376]
[76]
[272]
[365]
[49]
[287]
[204]
[258]
[177]
[355]
[355]
[268]
[375]
[79]
[270]
[366]
[50]
[260]
[366]
[54]
[310]
[207]
[333]
[369]
[57]
[272]
[182]
[256]
[178]
[264]
[185]
[300]
[376]
[78]
[303]
[206]
[283]
[368]
[45]
[281]
[173]
[355]
[300]
[372]
[74]
[275]
[366]
[62]
[312]
[190]
[355]
[330]
[363]
[57]
[265]
[367]
[66]
[257]
[202]
[258]
[362]
[62]
[318]
[190]
[348]
[194]
[301]
[185]
[260]
[369]
[54]
[355]
[354]
[366]
[50]
[262]
[374]
[74]
[261]
[365]
[57]
[276]
[364]
[66]
[269]
[185]
[259]
[182]
[178]
[273]
[194]
[286]
[202]
[355]
[355]
[272]
[370]
[74]
[296]
[362]
[55]
[259]
[363]
[52]
[355]
[301]
[202]
[328]
[183]
[259]
[180]
[259]
[372]
[73]
[271]
[366]
[57]
[280]
[365]
[67]
[271]
[185]
[328]
[368]
[45]
[283]
[173]
[344]
[201]
[311]
[195]
[257]
[372]
[76]
[282]
[367]
[61]
[265]
[204]
[276]
[189]
[355]
[347]
[372]
[73]
[273]
[366]
[57]
[279]
[364]
[67]
[272]
[201]
[353]
[185]
[313]
[368]
[55]
[371]
[71]
[295]
[195]
[265]
[183]
[279]
[199]
[355]
[285]
[367]
[52]
[257]
[363]
[57]
[293]
[185]
[260]
[180]
[263]
[372]
[69]
[322]
[361]
[67]
[291]
[195]
[355]
[292]
[369]
[38]
[355]
[355]
[306]
[166]
[317]
[197]
[262]
[373]
[74]
[340]
[365]
[54]
[294]
[182]
[355]
[355]
[277]
[362]
[62]
[263]
[366]
[66]
[267]
[366]
[57]
[273]
[190]
[335]
[202]
[355]
[352]
[365]
[62]
[285]
[185]
[257]
[365]
[50]
[355]
[194]
[355]
[335]
[190]
[290]
[370]
[76]
[297]
[364]
[57]
[355]
[343]
[178]
[296]
[374]
[74]
[264]
[185]
[268]
[204]
[266]
[364]
[54]
[355]
[338]
[202]
[265]
[373]
[72]
[257]
[367]
[57]
[278]
[182]
[272]
[185]
[266]
[200]
[355]
[355]
[324]
[366]
[50]
[262]
[365]
[53]
[279]
[367]
[59]
[330]
[375]
[71]
[355]
[342]
[187]
[355]
[355]
[264]
[365]
[62]
[272]
[181]
[291]
[178]
[288]
[190]
[309]
[371]
[43]
[285]
[171]
[325]
[199]
[323]
[371]
[59]
[367]
[67]
[297]
[187]
[355]
[300]
[195]
[316]
[368]
[62]
[271]
[368]
[55]
[355]
[352]
[190]
[269]
[359]
[59]
[261]
[375]
[69]
[282]
[183]
[259]
[369]
[53]
[287]
[187]
[355]
[271]
[197]
[296]
[376]
[67]
[259]
[370]
[55]
[256]
[181]
[294]
[183]
[355]
[271]
[195]
[347]
[368]
[43]
[256]
[374]
[67]
[270]
[366]
[52]
[257]
[369]
[60]
[310]
[171]
[265]
[188]
[308]
[195]
[311]
[180]
[287]
[376]
[76]
[263]
[369]
[55]
[337]
[183]
[301]
[204]
[355]
[267]
[376]
[76]
[285]
[365]
[60]
[257]
[364]
[67]
[259]
[366]
[48]
[355]
[264]
[204]
[311]
[195]
[280]
[176]
[268]
[188]
[272]
[372]
[64]
[275]
[367]
[55]
[355]
[280]
[192]
[322]
[183]
[371]
[52]
[370]
[60]
[288]
[188]
[355]
[330]
[370]
[55]
[258]
[378]
[76]
[265]
[180]
[266]
[371]
[64]
[278]
[183]
[315]
[192]
[275]
[204]
[355]
[325]
[376]
[76]
[278]
[367]
[55]
[259]
[366]
[49]
[268]
[366]
[64]
[315]
[192]
[357]
[64]
[306]
[183]
[262]
[177]
[279]
[192]
[268]
[370]
[57]
[279]
[372]
[67]
[256]
[204]
[261]
[185]
[330]
[371]
[45]
[283]
[173]
[355]
[260]
[195]
[293]
[375]
[69]
[274]
[368]
[61]
[306]
[189]
[355]
[294]
[375]
[67]
[256]
[197]
[269]
[369]
[57]
[355]
[355]
[290]
[375]
[73]
[268]
[185]
[262]
[370]
[55]
[260]
[367]
[64]
[325]
[192]
[300]
[201]
[303]
[195]
[294]
[368]
[57]
[267]
[375]
[71]
[267]
[369]
[61]
[264]
[185]
[279]
[183]
[316]
[189]
[355]
[330]
[199]
[267]
[373]
[69]
[282]
[364]
[62]
[258]
[366]
[45]
[262]
[364]
[54]
[355]
[260]
[190]
[266]
[173]
[355]
[267]
[369]
[57]
[257]
[182]
[273]
[367]
[66]
[279]
[185]
[257]
[197]
[355]
[355]
[289]
[368]
[69]
[256]
[365]
[62]
[263]
[194]
[279]
[361]
[50]
[309]
[190]
[355]
[304]
[178]
[286]
[365]
[57]
[265]
[366]
[66]
[328]
[197]
[355]
[278]
[185]
[280]
[366]
[54]
[284]
[194]
[262]
[366]
[62]
[355]
[322]
[366]
[57]
[286]
[185]
[283]
[182]
[315]
[377]
[74]
[280]
[368]
[66]
[304]
[190]
[295]
[368]
[42]
[297]
[170]
[303]
[202]
[330]
[371]
[57]
[282]
[185]
[259]
[378]
[74]
[272]
[367]
[60]
[301]
[188]
[301]
[202]
[317]
[194]
[309]
[379]
[72]
[282]
[368]
[62]
[297]
[371]
[38]
[299]
[166]
[355]
[261]
[200]
[190]
[264]
[373]
[69]
[271]
[369]
[54]
[263]
[370]
[66]
[275]
[182]
[355]
[277]
[197]
[285]
[194]
[290]
[369]
[62]
[355]
[342]
[190]
[276]
[372]
[60]
[281]
[188]
[323]
[370]
[42]
[285]
[170]
[320]
[368]
[57]
[273]
[378]
[74]
[271]
[185]
[266]
[365]
[62]
[285]
[190]
[355]
[337]
[202]
[282]
[376]
[71]
[267]
[370]
[59]
[260]
[368]
[43]
[319]
[187]
[326]
[171]
[285]
[199]
[290]
[377]
[74]
[263]
[371]
[62]
[286]
[190]
[261]
[202]
[306]
[370]
[38]
[289]
[166]
[355]
[355]
[260]
[377]
[79]
[285]
[369]
[55]
[256]
[366]
[71]
[280]
[183]
[291]
[207]
[199]
[355]
[321]
[368]
[62]
[291]
[190]
[355]
[298]
[371]
[59]
[282]
[187]
[298]
[370]
[43]
[291]
[171]
[324]
[371]
[59]
[256]
[370]
[62]
[283]
[187]
[261]
[190]
[294]
[378]
[76]
[297]
[204]
[355]
[355]
[259]
[369]
[60]
[256]
[378]
[74]
[270]
[371]
[45]
[272]
[359]
[62]
[327]
[188]
[270]
[202]
[258]
[190]
[291]
[173]
[307]
[376]
[73]
[265]
[370]
[66]
[281]
[194]
[276]
[201]
[290]
[372]
[60]
[278]
[365]
[38]
[257]
[188]
[295]
[166]
[370]
[66]
[298]
[194]
[309]
[376]
[76]
[263]
[371]
[57]
[282]
[185]
[275]
[204]
[355]
[335]
[376]
[74]
[269]
[366]
[62]
[338]
[202]
[278]
[190]
[355]
[270]
[374]
[73]
[260]
[371]
[66]
[316]
[201]
[355]
[301]
[194]
[264]
[367]
[45]
[265]
[369]
[60]
[262]
[373]
[74]
[267]
[365]
[62]
[269]
[188]
[291]
[173]
[355]
[290]
[202]
[307]
[190]
[289]
[371]
[71]
[272]
[367]
[43]
[263]
[366]
[59]
[278]
[363]
[67]
[336]
[187]
[327]
[171]
[262]
[199]
[267]
[195]
[289]
[366]
[62]
[355]
[264]
[370]
[38]
[286]
[166]
[349]
[190]
[295]
[371]
[55]
[267]
[368]
[59]
[272]
[183]
[355]
[330]
[187]
[306]
[366]
[62]
[355]
[260]
[190]
[355]
[317]
[369]
[67]
[355]
[352]
[369]
[43]
[289]
[364]
[59]
[335]
[375]
[74]
[279]
[361]
[62]
[267]
[187]
[288]
[171]
[298]
[190]
[355]
[202]
[299]
[367]
[42]
[355]
[275]
[170]
[256]
[373]
[74]
[297]
[371]
[57]
[284]
[185]
[281]
[202]
[355]
[298]
[195]
[284]
[373]
[72]
[266]
[366]
[62]
[329]
[372]
[38]
[328]
[166]
[326]
[200]
[256]
[190]
[301]
[370]
[69]
[273]
[367]
[66]
[261]
[369]
[54]
[282]
[182]
[355]
[285]
[197]
[271]
[194]
[294]
[366]
[62]
[355]
[355]
[190]
[283]
[368]
[60]
[284]
[188]
[343]
[368]
[42]
[287]
[170]
[338]
[363]
[57]
[265]
[374]
[74]
[286]
[185]
[355]
[355]
[322]
[202]
[259]
[372]
[71]
[276]
[367]
[43]
[272]
[366]
[59]
[355]
[292]
[187]
[272]
[171]
[281]
[199]
[284]
[373]
[74]
[286]
[361]
[62]
[257]
[202]
[322]
[190]
[267]
[366]
[62]
[293]
[190]
[312]
[369]
[71]
[355]
[300]
[366]
[43]
[355]
[312]
[373]
[79]
[273]
[199]
[288]
[207]
[355]
[355]
[342]
[365]
[55]
[288]
[183]
[355]
[299]
[171]
[355]
[285]
[366]
[59]
[278]
[363]
[55]
[355]
[332]
[183]
[355]
[355]
[263]
[367]
[40]
[290]
[359]
[52]
[314]
[371]
[67]
[333]
[187]
[319]
[180]
[336]
[168]
[355]
[258]
[195]
[355]
[355]
[355]
[267]
[372]
[67]
[272]
[367]
[59]
[285]
[364]
[38]
[261]
[363]
[50]
[355]
[327]
[187]
[355]
[271]
[371]
[71]
[275]
[195]
[355]
[274]
[199]
[355]
[355]
[355]
[351]
[373]
[74]
[355]
[355]
[352]
[166]
[283]
[178]
[355]
[355]
[277]
[202]
[355]
[355]
[300]
[369]
[76]
[354]
[204]
[294]
[371]
[74]
[283]
[202]
[355]
[284]
[363]
[38]
[321]
[366]
[50]
[314]
[366]
[57]
[319]
[185]
[272]
[365]
[66]
[355]
[308]
[370]
[72]
[275]
[194]
[288]
[166]
[355]
[260]
[178]
[355]
[268]
[200]
[355]
[355]
[277]
[364]
[66]
[333]
[194]
[355]
[355]
[355]
[303]
[363]
[43]
[327]
[368]
[67]
[294]
[362]
[59]
[355]
[355]
[284]
[187]
[327]
[195]
[259]
[171]
[340]
[363]
[50]
[355]
[355]
[262]
[367]
[59]
[355]
[309]
[367]
[62]
[290]
[187]
[286]
[178]
[291]
[190]
[299]
[369]
[67]
[355]
[286]
[364]
[62]
[354]
[195]
[272]
[367]
[59]
[298]
[187]
[329]
[368]
[50]
[355]
[271]
[369]
[43]
[257]
[178]
[297]
[171]
[275]
[190]
[347]
[368]
[43]
[347]
[171]
[326]
[364]
[50]
[327]
[178]
[307]
[369]
[59]
[286]
[187]
[333]
[369]
[62]
[322]
[190]
[292]
[369]
[67]
[351]
[368]
[62]
[333]
[195]
[264]
[370]
[59]
[295]
[187]
[343]
[369]
[50]
[343]
[372]
[43]
[270]
[178]
[282]
[171]
[355]
[278]
[371]
[43]
[267]
[190]
[355]
[328]
[171]
[295]
[368]
[50]
[355]
[263]
[372]
[58]
[291]
[186]
[259]
[178]
[325]
[370]
[62]
[348]
[190]
[270]
[373]
[67]
[350]
[372]
[62]
[355]
[263]
[370]
[58]
[295]
[195]
[267]
[186]
[314]
[371]
[50]
[355]
[262]
[371]
[43]
[259]
[178]
[281]
[171]
[299]
[190]
[324]
[372]
[43]
[355]
[258]
[171]
[314]
[371]
[50]
[355]
[282]
[178]
[257]
[372]
[58]
[295]
[186]
[333]
[371]
[62]
[355]
[261]
[190]
[283]
[373]
[67]
[355]
[268]
[371]
[62]
[261]
[195]
[275]
[190]
[355]
[314]
[372]
[58]
[294]
[186]
[355]
[355]
[265]
[367]
[50]
[351]
[378]
[86]
[352]
[178]
[316]
[370]
[43]
[262]
[214]
[282]
[171]
[355]
[338]
[372]
[70]
[318]
[198]
[256]
[373]
[79]
[355]
[266]
[378]
[86]
[258]
[370]
[43]
[270]
[207]
[294]
[171]
[355]
[355]
[258]
[367]
[50]
[321]
[178]
[263]
[374]
[74]
[280]
[202]
[312]
[367]
[58]
[285]
[186]
[273]
[214]
[355]
[267]
[368]
[62]
[257]
[373]
[79]
[290]
[207]
[347]
[190]
[272]
[370]
[70]
[270]
[370]
[67]
[262]
[198]
[292]
[195]
[261]
[378]
[86]
[311]
[214]
[278]
[370]
[62]
[287]
[190]
[355]
[289]
[379]
[84]
[274]
[372]
[58]
[272]
[367]
[74]
[275]
[186]
[305]
[202]
[278]
[372]
[50]
[269]
[212]
[312]
[380]
[82]
[266]
[372]
[79]
[279]
[207]
[283]
[178]
[258]
[369]
[43]
[284]
[171]
[281]
[210]
[355]
[269]
[377]
[81]
[263]
[371]
[69]
[256]
[371]
[43]
[263]
[373]
[78]
[278]
[197]
[315]
[171]
[256]
[206]
[290]
[209]
[279]
[371]
[50]
[314]
[377]
[86]
[269]
[178]
[267]
[371]
[74]
[271]
[214]
[283]
[202]
[259]
[372]
[57]
[282]
[185]
[355]
[299]
[376]
[81]
[269]
[366]
[62]
[262]
[370]
[78]
[284]
[206]
[338]
[190]
[286]
[369]
[66]
[301]
[194]
[268]
[374]
[69]
[279]
[197]
[295]
[368]
[62]
[278]
[190]
[353]
[209]
[275]
[371]
[57]
[276]
[374]
[74]
[269]
[185]
[285]
[202]
[319]
[371]
[50]
[315]
[379]
[86]
[280]
[178]
[261]
[365]
[78]
[273]
[369]
[43]
[270]
[214]
[206]
[270]
[171]
[319]
[368]
[74]
[281]
[202]
[282]
[372]
[81]
[355]
[295]
[369]
[43]
[266]
[377]
[90]
[284]
[209]
[302]
[218]
[276]
[171]
[344]
[369]
[50]
[312]
[372]
[78]
[258]
[178]
[280]
[206]
[355]
[316]
[372]
[81]
[281]
[209]
[267]
[369]
[62]
[345]
[370]
[69]
[278]
[197]
[293]
[190]
[276]
[366]
[78]
[266]
[369]
[66]
[266]
[378]
[86]
[260]
[206]
[275]
[194]
[214]
[308]
[370]
[62]
[279]
[190]
[355]
[288]
[379]
[84]
[263]
[371]
[58]
[264]
[371]
[74]
[273]
[186]
[307]
[202]
[275]
[212]
[272]
[370]
[50]
[327]
[378]
[81]
[260]
[373]
[78]
[304]
[206]
[266]
[178]
[261]
[370]
[43]
[284]
[171]
[291]
[209]
[355]
[265]
[372]
[79]
[256]
[374]
[82]
[260]
[368]
[43]
[268]
[368]
[70]
[334]
[207]
[271]
[171]
[297]
[198]
[286]
[367]
[50]
[290]
[373]
[74]
[272]
[178]
[334]
[367]
[58]
[287]
[186]
[259]
[210]
[353]
[202]
[265]
[371]
[79]
[287]
[366]
[62]
[349]
[190]
[283]
[369]
[67]
[293]
[195]
[292]
[372]
[70]
[318]
[198]
[258]
[368]
[62]
[281]
[190]
[355]
[277]
[207]
[273]
[373]
[74]
[261]
[371]
[58]
[274]
[202]
[269]
[186]
[355]
[262]
[370]
[50]
[319]
[377]
[86]
[272]
[370]
[82]
[293]
[178]
[271]
[214]
[262]
[369]
[43]
[266]
[210]
[279]
[171]
[355]
[279]
[371]
[70]
[288]
[198]
[296]
[372]
[79]
[275]
[369]
[43]
[290]
[377]
[86]
[258]
[207]
[319]
[171]
[340]
[370]
[50]
[305]
[178]
[287]
[373]
[74]
[287]
[202]
[284]
[366]
[58]
[293]
[186]
[271]
[214]
[339]
[368]
[62]
[261]
[375]
[79]
[307]
[207]
[292]
[190]
[294]
[372]
[67]
[289]
[372]
[70]
[267]
[195]
[271]
[198]
[297]
[378]
[86]
[286]
[370]
[62]
[271]
[214]
[266]
[190]
[355]
[278]
[370]
[58]
[289]
[186]
[257]
[379]
[84]
[283]
[372]
[74]
[273]
[369]
[79]
[259]
[202]
[277]
[372]
[50]
[287]
[212]
[273]
[207]
[299]
[373]
[43]
[260]
[178]
[261]
[376]
[82]
[274]
[171]
[269]
[374]
[72]
[332]
[200]
[259]
[376]
[80]
[258]
[210]
[355]
[308]
[373]
[36]
[340]
[378]
[87]
[315]
[164]
[285]
[215]
[313]
[367]
[51]
[282]
[179]
[269]
[208]
[301]
[371]
[75]
[257]
[377]
[84]
[299]
[203]
[262]
[212]
[295]
[369]
[56]
[355]
[258]
[184]
[271]
[377]
[80]
[275]
[369]
[60]
[259]
[367]
[72]
[303]
[200]
[346]
[370]
[63]
[294]
[188]
[276]
[373]
[72]
[278]
[191]
[324]
[369]
[68]
[321]
[196]
[296]
[371]
[63]
[268]
[377]
[75]
[256]
[208]
[341]
[191]
[286]
[370]
[60]
[323]
[369]
[56]
[260]
[188]
[265]
[200]
[260]
[379]
[80]
[267]
[184]
[290]
[203]
[355]
[332]
[372]
[37]
[292]
[377]
[79]
[269]
[371]
[70]
[256]
[373]
[76]
[262]
[208]
[291]
[198]
[295]
[165]
[313]
[370]
[52]
[282]
[180]
[273]
[207]
[309]
[378]
[81]
[265]
[204]
[259]
[369]
[69]
[278]
[197]
[291]
[372]
[55]
[293]
[183]
[355]
[299]
[376]
[82]
[270]
[369]
[67]
[262]
[209]
[258]
[369]
[58]
[295]
[195]
[262]
[186]
[336]
[370]
[64]
[323]
[210]
[313]
[374]
[84]
[264]
[192]
[309]
[212]
[276]
[367]
[67]
[264]
[375]
[82]
[286]
[210]
[355]
[281]
[195]
[295]
[373]
[81]
[259]
[370]
[72]
[267]
[366]
[64]
[284]
[200]
[295]
[209]
[261]
[192]
[336]
[367]
[58]
[345]
[374]
[79]
[278]
[369]
[70]
[297]
[198]
[268]
[368]
[55]
[275]
[186]
[265]
[183]
[355]
[334]
[373]
[38]
[280]
[207]
[274]
[371]
[69]
[316]
[197]
[263]
[372]
[78]
[286]
[206]
[330]
[166]
[277]
[373]
[86]
[355]
[302]
[369]
[50]
[287]
[178]
[331]
[371]
[74]
[281]
[202]
[312]
[368]
[54]
[344]
[182]
[296]
[371]
[78]
[293]
[367]
[57]
[282]
[206]
[290]
[185]
[317]
[369]
[62]
[302]
[374]
[74]
[303]
[202]
[277]
[190]
[295]
[367]
[66]
[283]
[194]
[323]
[373]
[78]
[270]
[369]
[62]
[327]
[206]
[259]
[190]
[310]
[371]
[57]
[307]
[375]
[81]
[313]
[185]
[285]
[371]
[54]
[299]
[214]
[325]
[209]
[278]
[370]
[57]
[259]
[372]
[78]
[271]
[182]
[314]
[185]
[333]
[206]
[367]
[62]
[286]
[190]
[310]
[370]
[81]
[343]
[367]
[66]
[355]
[279]
[194]
[270]
[370]
[86]
[267]
[209]
[264]
[369]
[69]
[326]
[197]
[355]
[265]
[366]
[66]
[284]
[214]
[306]
[369]
[81]
[291]
[194]
[317]
[365]
[62]
[355]
[340]
[371]
[78]
[258]
[190]
[262]
[209]
[270]
[364]
[66]
[282]
[206]
[355]
[260]
[194]
[285]
[368]
[69]
[311]
[378]
[86]
[308]
[365]
[74]
[280]
[197]
[264]
[202]
[290]
[370]
[66]
[279]
[194]
[283]
[214]
[328]
[373]
[74]
[288]
[202]
[301]
[375]
[83]
[295]
[211]
[349]
[371]
[43]
[342]
[379]
[89]
[355]
[325]
[171]
[284]
[368]
[53]
[288]
[181]
[283]
[371]
[77]
[285]
[205]
[343]
[371]
[59]
[296]
[217]
[355]
[289]
[372]
[83]
[270]
[369]
[65]
[266]
[211]
[309]
[187]
[302]
[193]
[302]
[370]
[71]
[293]
[375]
[74]
[280]
[202]
[272]
[199]
[307]
[372]
[65]
[347]
[193]
[298]
[379]
[87]
[258]
[372]
[59]
[276]
[370]
[77]
[261]
[187]
[308]
[205]
[295]
[215]
[280]
[370]
[53]
[283]
[181]
[274]
[379]
[86]
[311]
[214]
[286]
[371]
[43]
[283]
[171]
[269]
[370]
[72]
[281]
[200]
[283]
[372]
[79]
[355]
[268]
[376]
[87]
[273]
[370]
[36]
[334]
[164]
[296]
[215]
[283]
[368]
[51]
[286]
[179]
[291]
[207]
[275]
[376]
[86]
[270]
[370]
[75]
[286]
[203]
[287]
[366]
[55]
[294]
[214]
[281]
[183]
[355]
[256]
[375]
[84]
[267]
[371]
[79]
[260]
[366]
[60]
[324]
[207]
[277]
[188]
[306]
[370]
[63]
[312]
[212]
[281]
[191]
[261]
[369]
[75]
[280]
[203]
[302]
[370]
[67]
[301]
[195]
[355]
[258]
[369]
[63]
[262]
[372]
[72]
[282]
[200]
[297]
[191]
[317]
[366]
[60]
[335]
[377]
[82]
[276]
[372]
[70]
[277]
[368]
[55]
[257]
[210]
[259]
[188]
[198]
[293]
[183]
[355]
[355]
[290]
[374]
[81]
[270]
[370]
[75]
[259]
[370]
[41]
[260]
[364]
[69]
[342]
[197]
[308]
[169]
[316]
[368]
[51]
[286]
[203]
[264]
[371]
[72]
[282]
[200]
[271]
[179]
[296]
[370]
[57]
[283]
[185]
[355]
[277]
[368]
[63]
[257]
[371]
[75]
[293]
[209]
[310]
[203]
[257]
[191]
[294]
[370]
[65]
[260]
[370]
[72]
[273]
[200]
[325]
[193]
[268]
[376]
[87]
[284]
[215]
[275]
[371]
[63]
[282]
[191]
[355]
[312]
[369]
[57]
[275]
[376]
[86]
[266]
[371]
[75]
[266]
[185]
[299]
[203]
[293]
[214]
[265]
[368]
[51]
[286]
[179]
[302]
[376]
[84]
[298]
[371]
[41]
[266]
[212]
[275]
[169]
[307]
[372]
[70]
[285]
[198]
[294]
[371]
[77]
[355]
[287]
[205]
[272]
[374]
[86]
[260]
[370]
[34]
[355]
[259]
[162]
[347]
[369]
[50]
[287]
[178]
[284]
[214]
[259]
[371]
[74]
[284]
[202]
[333]
[370]
[53]
[293]
[181]
[355]
[257]
[372]
[77]
[287]
[368]
[58]
[275]
[205]
[270]
[186]
[331]
[366]
[62]
[355]
[260]
[371]
[74]
[274]
[190]
[268]
[202]
[303]
[369]
[65]
[346]
[193]
[321]
[370]
[77]
[259]
[366]
[62]
[299]
[205]
[309]
[190]
[300]
[369]
[58]
[287]
[186]
[301]
[376]
[86]
[275]
[370]
[82]
[316]
[210]
[271]
[214]
[285]
[367]
[53]
[290]
[181]
[285]
[371]
[74]
[294]
[202]
[275]
[373]
[79]
[355]
[287]
[370]
[35]
[298]
[375]
[86]
[335]
[214]
[258]
[163]
[296]
[207]
[322]
[364]
[50]
[295]
[178]
[283]
[371]
[71]
[285]
[199]
[332]
[369]
[55]
[312]
[183]
[341]
[372]
[67]
[269]
[368]
[59]
[261]
[195]
[333]
[187]
[305]
[367]
[62]
[279]
[370]
[71]
[273]
[199]
[302]
[377]
[86]
[279]
[190]
[259]
[214]
[298]
[371]
[67]
[317]
[195]
[297]
[368]
[62]
[295]
[379]
[84]
[276]
[370]
[74]
[280]
[190]
[258]
[202]
[281]
[368]
[59]
[289]
[212]
[276]
[371]
[55]
[274]
[187]
[262]
[183]
[267]
[362]
[79]
[269]
[377]
[83]
[273]
[207]
[327]
[374]
[72]
[268]
[211]
[267]
[200]
[283]
[372]
[79]
[355]
[270]
[375]
[88]
[261]
[370]
[36]
[317]
[216]
[164]
[293]
[207]
[287]
[368]
[52]
[284]
[180]
[300]
[375]
[84]
[258]
[373]
[79]
[261]
[372]
[76]
[269]
[212]
[259]
[207]
[262]
[204]
[320]
[369]
[55]
[306]
[183]
[355]
[261]
[374]
[81]
[266]
[367]
[57]
[262]
[371]
[72]
[261]
[368]
[76]
[273]
[200]
[266]
[209]
[204]
[285]
[185]
[339]
[370]
[64]
[355]
[267]
[369]
[69]
[285]
[197]
[296]
[192]
[278]
[369]
[67]
[337]
[195]
[354]
[370]
[72]
[261]
[367]
[64]
[275]
[200]
[274]
[192]
[355]
[256]
[369]
[57]
[344]
[375]
[79]
[273]
[371]
[76]
[301]
[204]
[265]
[370]
[55]
[279]
[207]
[262]
[185]
[260]
[183]
[355]
[355]
[314]
[373]
[78]
[260]
[367]
[69]
[258]
[370]
[38]
[257]
[370]
[72]
[307]
[200]
[258]
[197]
[296]
[206]
[307]
[166]
[307]
[369]
[50]
[287]
[178]
[286]
[376]
[81]
[258]
[373]
[78]
[271]
[368]
[72]
[288]
[200]
[278]
[209]
[264]
[206]
[282]
[370]
[54]
[348]
[182]
[285]
[375]
[86]
[264]
[371]
[57]
[259]
[372]
[81]
[258]
[372]
[78]
[279]
[209]
[274]
[214]
[265]
[206]
[271]
[185]
[317]
[369]
[62]
[314]
[378]
[85]
[274]
[371]
[72]
[282]
[200]
[282]
[213]
[259]
[190]
[284]
[366]
[66]
[282]
[194]
[355]
[263]
[375]
[88]
[262]
[368]
[62]
[264]
[370]
[81]
[292]
[209]
[258]
[216]
[298]
[190]
[290]
[371]
[57]
[330]
[374]
[86]
[270]
[370]
[81]
[262]
[214]
[268]
[209]
[278]
[185]
[283]
[370]
[54]
[280]
[182]
[355]
[353]
[373]
[83]
[258]
[370]
[43]
[269]
[367]
[71]
[258]
[368]
[79]
[355]
[297]
[171]
[257]
[199]
[281]
[367]
[50]
[261]
[207]
[324]
[178]
[262]
[371]
[74]
[294]
[202]
[271]
[367]
[55]
[283]
[183]
[337]
[211]
[321]
[366]
[79]
[262]
[366]
[59]
[304]
[207]
[285]
[187]
[327]
[365]
[62]
[346]
[190]
[272]
[368]
[74]
[340]
[367]
[67]
[296]
[195]
[280]
[202]
[331]
[365]
[62]
[288]
[371]
[79]
[338]
[190]
[300]
[368]
[59]
[274]
[207]
[266]
[187]
[306]
[377]
[86]
[271]
[368]
[83]
[283]
[211]
[342]
[369]
[55]
[264]
[214]
[269]
[183]
[291]
[371]
[74]
[303]
[202]
[272]
[372]
[79]
[355]
[329]
[370]
[35]
[350]
[376]
[88]
[354]
[163]
[279]
[216]
[339]
[207]
[330]
[366]
[50]
[295]
[178]
[305]
[370]
[71]
[288]
[199]
[350]
[369]
[55]
[305]
[183]
[340]
[370]
[67]
[280]
[195]
[260]
[365]
[59]
[324]
[187]
[315]
[365]
[62]
[355]
[271]
[376]
[86]
[273]
[214]
[301]
[190]
[312]
[369]
[67]
[317]
[195]
[327]
[376]
[84]
[272]
[366]
[62]
[271]
[363]
[74]
[294]
[190]
[256]
[202]
[279]
[212]
[283]
[369]
[59]
[324]
[373]
[83]
[258]
[372]
[55]
[275]
[187]
[257]
[211]
[264]
[183]
[316]
[372]
[76]
[280]
[204]
[300]
[373]
[84]
[355]
[337]
[375]
[91]
[268]
[367]
[36]
[349]
[219]
[258]
[164]
[262]
[212]
[339]
[369]
[52]
[257]
[371]
[88]
[262]
[372]
[79]
[271]
[216]
[257]
[180]
[256]
[366]
[84]
[261]
[207]
[275]
[212]
[355]
[272]
[372]
[84]
[257]
[371]
[79]
[264]
[371]
[55]
[260]
[370]
[76]
[262]
[212]
[259]
[207]
[264]
[204]
[272]
[183]
[355]
[313]
[365]
[57]
[262]
[373]
[81]
[272]
[368]
[72]
[264]
[209]
[267]
[200]
[259]
[358]
[76]
[267]
[185]
[287]
[204]
[355]
[257]
[366]
[64]
[351]
[370]
[69]
[297]
[197]
[268]
[192]
[316]
[368]
[67]
[340]
[195]
[355]
[261]
[369]
[72]
[270]
[367]
[64]
[265]
[200]
[286]
[192]
[355]
[335]
[363]
[57]
[340]
[374]
[79]
[276]
[369]
[76]
[326]
[204]
[315]
[207]
[366]
[55]
[309]
[183]
[270]
[185]
[355]
[355]
[336]
[371]
[78]
[273]
[367]
[69]
[256]
[369]
[38]
[368]
[72]
[355]
[261]
[197]
[200]
[301]
[206]
[316]
[166]
[299]
[367]
[50]
[285]
[178]
[316]
[374]
[81]
[270]
[370]
[78]
[270]
[365]
[72]
[291]
[200]
[263]
[209]
[270]
[206]
[290]
[366]
[54]
[319]
[182]
[337]
[375]
[86]
[266]
[367]
[57]
[262]
[371]
[81]
[259]
[370]
[78]
[278]
[209]
[277]
[214]
[265]
[206]
[258]
[185]
[348]
[366]
[62]
[329]
[376]
[85]
[280]
[365]
[72]
[282]
[200]
[268]
[213]
[266]
[190]
[355]
[355]
[266]
[373]
[88]
[279]
[366]
[62]
[280]
[359]
[81]
[273]
[216]
[280]
[190]
[262]
[209]
[352]
[367]
[57]
[355]
[273]
[372]
[86]
[288]
[214]
[266]
[185]
[259]
[359]
[81]
[305]
[209]
[316]
[365]
[54]
[311]
[182]
[355]
[355]
[355]
[308]
[373]
[79]
[280]
[366]
[71]
[272]
[365]
[74]
[274]
[365]
[43]
[355]
[355]
[298]
[207]
[293]
[199]
[274]
[202]
[347]
[365]
[50]
[355]
[355]
[273]
[367]
[55]
[355]
[264]
[171]
[300]
[371]
[59]
[291]
[183]
[281]
[178]
[304]
[187]
[287]
[368]
[62]
[323]
[190]
[300]
[370]
[67]
[307]
[195]
[300]
[370]
[62]
[317]
[190]
[294]
[371]
[71]
[346]
[199]
[265]
[371]
[67]
[350]
[370]
[43]
[350]
[368]
[50]
[317]
[195]
[282]
[371]
[57]
[334]
[371]
[60]
[330]
[374]
[66]
[258]
[188]
[309]
[194]
[286]
[374]
[74]
[285]
[185]
[282]
[171]
[279]
[178]
[345]
[202]
[257]
[374]
[73]
[350]
[201]
[259]
[374]
[76]
[304]
[204]
[315]
[373]
[74]
[308]
[202]
[291]
[372]
[73]
[283]
[201]
[322]
[371]
[74]
[336]
[370]
[43]
[327]
[202]
[286]
[370]
[50]
[349]
[370]
[55]
[349]
[371]
[59]
[298]
[187]
[298]
[369]
[62]
[294]
[190]
[292]
[183]
[275]
[371]
[67]
[259]
[171]
[267]
[178]
[280]
[195]
[303]
[370]
[62]
[287]
[190]
[315]
[368]
[71]
[314]
[199]
[276]
[368]
[67]
[350]
[367]
[43]
[348]
[365]
[50]
[283]
[195]
[324]
[365]
[57]
[322]
[367]
[60]
[317]
[188]
[280]
[368]
[66]
[321]
[194]
[292]
[370]
[74]
[315]
[185]
[276]
[171]
[290]
[178]
[304]
[202]
[267]
[372]
[73]
[334]
[201]
[297]
[371]
[76]
[293]
[204]
[337]
[369]
[74]
[299]
[202]
[292]
[368]
[73]
[355]
[259]
[201]
[298]
[366]
[74]
[355]
[307]
[366]
[43]
[355]
[355]
[256]
[364]
[50]
[286]
[202]
[331]
[368]
[55]
[355]
[264]
[369]
[59]
[308]
[187]
[296]
[368]
[62]
[276]
[183]
[263]
[171]
[269]
[178]
[258]
[190]
[304]
[369]
[67]
[294]
[195]
[309]
[368]
[62]
[285]
[190]
[309]
[370]
[71]
[311]
[199]
[293]
[369]
[67]
[338]
[367]
[43]
[346]
[368]
[50]
[260]
[195]
[349]
[368]
[55]
[311]
[183]
[283]
[368]
[59]
[277]
[171]
[283]
[178]
[264]
[187]
[283]
[366]
[62]
[293]
[190]
[314]
[369]
[67]
[316]
[195]
[290]
[366]
[62]
[294]
[190]
[298]
[367]
[71]
[320]
[199]
[297]
[367]
[67]
[355]
[289]
[366]
[43]
[355]
[326]
[364]
[50]
[355]
[339]
[362]
[55]
[277]
[195]
[355]
[304]
[369]
[58]
[355]
[318]
[186]
[266]
[365]
[62]
[338]
[190]
[280]
[183]
[266]
[368]
[67]
[355]
[258]
[171]
[256]
[195]
[275]
[362]
[62]
[314]
[178]
[295]
[367]
[70]
[256]
[190]
[355]
[272]
[198]
[267]
[365]
[67]
[355]
[286]
[363]
[43]
[355]
[317]
[363]
[50]
[355]
[287]
[362]
[55]
[355]
[272]
[367]
[58]
[328]
[195]
[319]
[186]
[277]
[363]
[62]
[353]
[190]
[316]
[365]
[67]
[355]
[303]
[195]
[300]
[365]
[62]
[355]
[355]
[274]
[190]
[283]
[366]
[70]
[257]
[183]
[280]
[171]
[306]
[198]
[271]
[178]
[355]
[323]
[367]
[67]
[298]
[195]
[355]
[355]
[355]
[355]
[355]
[355]
[291]
[370]
[74]
[336]
[368]
[43]
[355]
[355]
[355]
[355]
[343]
[364]
[50]
[304]
[171]
[355]
[318]
[178]
[283]
[367]
[58]
[257]
[362]
[62]
[308]
[190]
[260]
[186]
[351]
[364]
[67]
[273]
[363]
[50]
[320]
[195]
[261]
[178]
[276]
[366]
[62]
[282]
[364]
[58]
[277]
[190]
[276]
[186]
[324]
[365]
[67]
[258]
[365]
[50]
[324]
[195]
[263]
[178]
[290]
[364]
[62]
[282]
[363]
[58]
[260]
[190]
[299]
[186]
[289]
[367]
[67]
[258]
[365]
[50]
[256]
[202]
[355]
[256]
[195]
[261]
[178]
[294]
[374]
[74]
[288]
[366]
[58]
[286]
[202]
[270]
[186]
[332]
[363]
[67]
[260]
[363]
[50]
[351]
[195]
[257]
[178]
[301]
[373]
[72]
[256]
[367]
[58]
[319]
[186]
[298]
[200]
[272]
[368]
[67]
[258]
[365]
[50]
[306]
[195]
[263]
[178]
[296]
[375]
[70]
[272]
[368]
[58]
[285]
[186]
[315]
[198]
[269]
[367]
[67]
[271]
[364]
[50]
[334]
[178]
[279]
[195]
[284]
[373]
[69]
[278]
[365]
[43]
[355]
[310]
[366]
[50]
[262]
[197]
[258]
[365]
[66]
[322]
[194]
[261]
[178]
[295]
[374]
[74]
[258]
[368]
[57]
[307]
[185]
[277]
[202]
[316]
[364]
[50]
[268]
[362]
[66]
[296]
[194]
[284]
[178]
[301]
[370]
[69]
[260]
[366]
[57]
[317]
[185]
[328]
[363]
[50]
[290]
[360]
[66]
[303]
[178]
[256]
[194]
[286]
[365]
[62]
[290]
[190]
[257]
[359]
[57]
[307]
[185]
[295]
[364]
[50]
[261]
[363]
[66]
[310]
[178]
[288]
[194]
[288]
[363]
[62]
[271]
[362]
[57]
[297]
[190]
[264]
[185]
[306]
[365]
[66]
[283]
[364]
[50]
[297]
[197]
[277]
[178]
[313]
[357]
[62]
[262]
[366]
[57]
[293]
[190]
[258]
[194]
[274]
[185]
[257]
[375]
[74]
[313]
[202]
[306]
[171]
[287]
[364]
[50]
[264]
[365]
[66]
[285]
[194]
[355]
[304]
[364]
[43]
[314]
[178]
[326]
[376]
[78]
[302]
[206]
[264]
[171]
[355]
[355]
[317]
[366]
[66]
[265]
[364]
[54]
[325]
[182]
[285]
[194]
[290]
[365]
[57]
[262]
[365]
[62]
[296]
[185]
[260]
[190]
[314]
[367]
[66]
[277]
[366]
[54]
[300]
[182]
[263]
[194]
[317]
[365]
[62]
[268]
[364]
[57]
[301]
[185]
[308]
[366]
[66]
[285]
[365]
[54]
[272]
[190]
[288]
[194]
[257]
[182]
[267]
[373]
[74]
[300]
[365]
[57]
[303]
[202]
[269]
[185]
[336]
[359]
[66]
[267]
[364]
[54]
[304]
[194]
[268]
[182]
[267]
[374]
[72]
[302]
[364]
[57]
[302]
[200]
[259]
[185]
[321]
[363]
[66]
[274]
[362]
[54]
[284]
[194]
[267]
[182]
[275]
[372]
[69]
[306]
[361]
[57]
[285]
[197]
[277]
[185]
[276]
[367]
[66]
[355]
[355]
[279]
[370]
[70]
[260]
[365]
[43]
[273]
[194]
[355]
[355]
[259]
[364]
[50]
[274]
[364]
[67]
[355]
[328]
[363]
[62]
[261]
[195]
[259]
[366]
[58]
[256]
[178]
[301]
[186]
[264]
[190]
[321]
[366]
[50]
[281]
[363]
[67]
[301]
[178]
[285]
[195]
[281]
[363]
[62]
[277]
[358]
[58]
[300]
[190]
[261]
[186]
[304]
[366]
[67]
[257]
[364]
[50]
[338]
[178]
[275]
[195]
[284]
[363]
[62]
[266]
[359]
[58]
[306]
[190]
[261]
[186]
[313]
[364]
[67]
[257]
[364]
[50]
[324]
[178]
[263]
[195]
[313]
[361]
[62]
[278]
[358]
[58]
[285]
[190]
[284]
[186]
[292]
[363]
[67]
[275]
[198]
[256]
[365]
[50]
[302]
[178]
[306]
[366]
[58]
[303]
[186]
[275]
[171]
[262]
[195]
[278]
[372]
[74]
[355]
[280]
[202]
[276]
[367]
[67]
[287]
[365]
[50]
[338]
[178]
[342]
[366]
[43]
[355]
[286]
[370]
[74]
[296]
[195]
[355]
[355]
[294]
[364]
[50]
[293]
[357]
[67]
[278]
[171]
[297]
[195]
[317]
[178]
[270]
[363]
[58]
[264]
[360]
[62]
[293]
[186]
[190]
[321]
[366]
[50]
[265]
[366]
[67]
[318]
[178]
[265]
[195]
[299]
[365]
[58]
[368]
[62]
[286]
[190]
[264]
[186]
[314]
[202]
[274]
[365]
[50]
[260]
[367]
[67]
[305]
[178]
[300]
[195]
[279]
[375]
[74]
[262]
[367]
[58]
[296]
[356]
[62]
[261]
[186]
[285]
[190]
[267]
[202]
[277]
[368]
[67]
[273]
[366]
[50]
[300]
[178]
[294]
[195]
[292]
[376]
[72]
[263]
[367]
[58]
[309]
[186]
[294]
[200]
[271]
[371]
[67]
[287]
[359]
[50]
[298]
[195]
[259]
[178]
[279]
[361]
[58]
[259]
[377]
[70]
[298]
[186]
[313]
[372]
[67]
[270]
[198]
[355]
[355]
[275]
[373]
[75]
[296]
[367]
[36]
[293]
[195]
[315]
[203]
[266]
[164]
[355]
[289]
[369]
[63]
[350]
[356]
[51]
[300]
[371]
[72]
[257]
[179]
[290]
[366]
[56]
[265]
[191]
[296]
[200]
[258]
[184]
[318]
[368]
[63]
[258]
[365]
[51]
[319]
[179]
[275]
[191]
[297]
[371]
[68]
[278]
[365]
[56]
[317]
[184]
[302]
[366]
[63]
[297]
[364]
[51]
[288]
[191]
[266]
[179]
[307]
[364]
[60]
[263]
[366]
[56]
[284]
[188]
[273]
[184]
[306]
[366]
[63]
[277]
[366]
[51]
[311]
[179]
[269]
[191]
[294]
[367]
[60]
[273]
[365]
[56]
[295]
[184]
[260]
[188]
[303]
[370]
[63]
[257]
[196]
[274]
[366]
[51]
[286]
[179]
[256]
[191]
[318]
[373]
[68]
[272]
[361]
[56]
[303]
[184]
[302]
[365]
[51]
[266]
[366]
[63]
[279]
[179]
[286]
[196]
[355]
[275]
[191]
[263]
[373]
[67]
[299]
[367]
[37]
[341]
[165]
[296]
[370]
[64]
[294]
[195]
[304]
[192]
[277]
[375]
[69]
[287]
[364]
[58]
[296]
[186]
[261]
[197]
[280]
[371]
[64]
[289]
[367]
[55]
[288]
[183]
[292]
[192]
[290]
[375]
[70]
[256]
[366]
[49]
[259]
[365]
[52]
[279]
[366]
[58]
[279]
[177]
[264]
[186]
[261]
[180]
[269]
[198]
[286]
[370]
[64]
[269]
[366]
[55]
[297]
[183]
[277]
[192]
[324]
[364]
[49]
[263]
[362]
[52]
[286]
[177]
[272]
[180]
[292]
[373]
[72]
[284]
[200]
[364]
[55]
[296]
[183]
[269]
[374]
[70]
[281]
[198]
[324]
[366]
[49]
[269]
[364]
[52]
[279]
[371]
[69]
[317]
[180]
[197]
[276]
[177]
[288]
[367]
[55]
[278]
[366]
[64]
[293]
[183]
[295]
[192]
[295]
[372]
[67]
[268]
[365]
[52]
[256]
[363]
[49]
[346]
[195]
[263]
[180]
[259]
[177]
[275]
[367]
[55]
[256]
[369]
[64]
[295]
[183]
[355]
[330]
[372]
[38]
[265]
[192]
[326]
[372]
[74]
[328]
[202]
[296]
[166]
[340]
[366]
[50]
[279]
[369]
[66]
[265]
[178]
[295]
[194]
[340]
[367]
[54]
[270]
[370]
[57]
[317]
[182]
[260]
[185]
[311]
[370]
[66]
[283]
[358]
[50]
[323]
[178]
[278]
[366]
[54]
[261]
[194]
[259]
[371]
[57]
[303]
[182]
[260]
[185]
[315]
[369]
[50]
[370]
[66]
[318]
[178]
[259]
[194]
[307]
[371]
[57]
[260]
[368]
[54]
[282]
[185]
[277]
[182]
[308]
[371]
[66]
[256]
[368]
[50]
[294]
[178]
[307]
[194]
[296]
[369]
[62]
[263]
[366]
[57]
[289]
[190]
[277]
[185]
[292]
[369]
[66]
[278]
[365]
[54]
[298]
[182]
[278]
[194]
[295]
[368]
[62]
[281]
[365]
[57]
[263]
[190]
[279]
[185]
[296]
[372]
[66]
[309]
[194]
[338]
[370]
[69]
[324]
[197]
[308]
[370]
[66]
[317]
[194]
[312]
[368]
[69]
[326]
[197]
[307]
[365]
[66]
[308]
[194]
[334]
[370]
[74]
[285]
[364]
[66]
[307]
[194]
[267]
[202]
[285]
[363]
[62]
[264]
[366]
[69]
[308]
[190]
[263]
[197]
[314]
[366]
[74]
[355]
[302]
[368]
[69]
[274]
[202]
[355]
[319]
[368]
[57]
[264]
[366]
[66]
[332]
[197]
[267]
[185]
[316]
[194]
[282]
[365]
[62]
[266]
[362]
[54]
[338]
[182]
[327]
[366]
[57]
[284]
[190]
[288]
[376]
[74]
[279]
[365]
[66]
[340]
[194]
[356]
[66]
[269]
[185]
[266]
[366]
[54]
[297]
[182]
[290]
[202]
[283]
[365]
[62]
[292]
[190]
[330]
[194]
[355]
[355]
[355]
[278]
[374]
[77]
[321]
[368]
[43]
[355]
[355]
[271]
[171]
[271]
[205]
[355]
[355]
[355]
[294]
[362]
[53]
[270]
[366]
[65]
[355]
[326]
[193]
[284]
[181]
[273]
[366]
[62]
[273]
[363]
[59]
[317]
[190]
[305]
[187]
[290]
[366]
[65]
[258]
[366]
[53]
[327]
[193]
[277]
[181]
[292]
[366]
[62]
[281]
[363]
[59]
[286]
[190]
[295]
[187]
[286]
[366]
[65]
[272]
[364]
[53]
[336]
[193]
[265]
[181]
[297]
[364]
[62]
[274]
[363]
[59]
[305]
[187]
[260]
[190]
[314]
[363]
[65]
[258]
[365]
[53]
[284]
[193]
[338]
[181]
[298]
[374]
[75]
[282]
[203]
[366]
[59]
[338]
[187]
[322]
[366]
[53]
[292]
[181]
[325]
[358]
[62]
[262]
[364]
[59]
[260]
[376]
[74]
[291]
[190]
[259]
[187]
[261]
[202]
[338]
[360]
[53]
[267]
[367]
[65]
[280]
[181]
[266]
[193]
[355]
[320]
[373]
[75]
[280]
[368]
[36]
[342]
[164]
[319]
[203]
[337]
[365]
[67]
[280]
[366]
[55]
[297]
[195]
[256]
[183]
[316]
[371]
[74]
[278]
[366]
[60]
[298]
[188]
[319]
[202]
[282]
[365]
[55]
[268]
[365]
[67]
[306]
[195]
[278]
[183]
[282]
[373]
[72]
[274]
[366]
[60]
[304]
[188]
[326]
[365]
[67]
[258]
[364]
[55]
[334]
[183]
[273]
[195]
[278]
[368]
[63]
[276]
[365]
[60]
[296]
[191]
[279]
[188]
[289]
[368]
[67]
[313]
[357]
[55]
[304]
[195]
[259]
[183]
[285]
[369]
[63]
[264]
[367]
[60]
[311]
[188]
[276]
[191]
[294]
[370]
[67]
[256]
[200]
[273]
[367]
[55]
[313]
[183]
[286]
[195]
[274]
[376]
[70]
[268]
[367]
[60]
[277]
[359]
[63]
[279]
[188]
[277]
[191]
[306]
[198]
[259]
[370]
[66]
[262]
[364]
[54]
[294]
[182]
[355]
[294]
[372]
[69]
[256]
[194]
[258]
[371]
[41]
[346]
[169]
[355]
[256]
[367]
[65]
[280]
[367]
[53]
[326]
[181]
[261]
[193]
[291]
[368]
[63]
[273]
[366]
[57]
[296]
[191]
[260]
[185]
[299]
[369]
[65]
[261]
[367]
[53]
[343]
[197]
[262]
[193]
[259]
[181]
[286]
[371]
[63]
[263]
[368]
[57]
[281]
[191]
[279]
[185]
[341]
[367]
[53]
[330]
[181]
[266]
[375]
[75]
[284]
[203]
[266]
[366]
[57]
[301]
[185]
[326]
[367]
[53]
[355]
[259]
[181]
[309]
[368]
[57]
[256]
[375]
[74]
[280]
[202]
[309]
[185]
[340]
[364]
[53]
[262]
[357]
[65]
[319]
[193]
[275]
[181]
[315]
[373]
[73]
[259]
[366]
[57]
[319]
[185]
[297]
[201]
[282]
[366]
[65]
[266]
[359]
[53]
[295]
[181]
[355]
[355]
[276]
[372]
[74]
[293]
[367]
[34]
[261]
[193]
[352]
[162]
[355]
[297]
[366]
[65]
[293]
[366]
[53]
[344]
[181]
[283]
[193]
[270]
[367]
[62]
[258]
[367]
[58]
[291]
[190]
[273]
[186]
[323]
[366]
[65]
[264]
[366]
[53]
[336]
[181]
[257]
[193]
[289]
[366]
[62]
[267]
[368]
[58]
[288]
[190]
[285]
[186]
[311]
[366]
[65]
[273]
[366]
[53]
[306]
[181]
[273]
[193]
[291]
[366]
[62]
[276]
[367]
[58]
[276]
[190]
[279]
[186]
[326]
[363]
[65]
[276]
[363]
[53]
[312]
[193]
[181]
[293]
[365]
[62]
[269]
[368]
[58]
[284]
[190]
[272]
[186]
[321]
[366]
[65]
[283]
[202]
[258]
[363]
[53]
[281]
[193]
[269]
[181]
[314]
[365]
[58]
[259]
[377]
[74]
[287]
[186]
[322]
[366]
[53]
[260]
[202]
[278]
[181]
[270]
[370]
[65]
[292]
[193]
[355]
[355]
[267]
[374]
[74]
[272]
[368]
[35]
[355]
[264]
[163]
[355]
[314]
[367]
[67]
[279]
[366]
[55]
[313]
[183]
[277]
[195]
[295]
[365]
[62]
[270]
[365]
[59]
[300]
[190]
[264]
[187]
[308]
[369]
[67]
[282]
[363]
[55]
[315]
[195]
[287]
[183]
[258]
[368]
[62]
[269]
[367]
[59]
[287]
[190]
[271]
[187]
[288]
[202]
[280]
[368]
[55]
[256]
[368]
[67]
[349]
[195]
[265]
[183]
[272]
[375]
[74]
[280]
[368]
[59]
[256]
[363]
[62]
[284]
[190]
[285]
[187]
[295]
[370]
[67]
[289]
[364]
[55]
[270]
[202]
[291]
[195]
[288]
[183]
[268]
[377]
[72]
[279]
[369]
[59]
[311]
[187]
[306]
[373]
[67]
[268]
[367]
[55]
[276]
[195]
[264]
[183]
[314]
[200]
[266]
[376]
[71]
[258]
[367]
[59]
[305]
[187]
[318]
[199]
[260]
[369]
[67]
[277]
[356]
[55]
[294]
[183]
[355]
[271]
[195]
[278]
[374]
[76]
[289]
[370]
[36]
[342]
[164]
[256]
[204]
[311]
[369]
[67]
[290]
[195]
[337]
[375]
[72]
[258]
[372]
[67]
[264]
[368]
[55]
[298]
[200]
[263]
[183]
[262]
[195]
[300]
[371]
[64]
[269]
[368]
[57]
[272]
[192]
[287]
[185]
[325]
[375]
[69]
[277]
[368]
[64]
[260]
[365]
[55]
[324]
[192]
[270]
[183]
[268]
[371]
[60]
[281]
[367]
[57]
[305]
[185]
[262]
[188]
[286]
[372]
[64]
[264]
[370]
[55]
[333]
[183]
[285]
[192]
[271]
[371]
[60]
[256]
[370]
[57]
[292]
[185]
[267]
[188]
[325]
[369]
[55]
[370]
[64]
[305]
[183]
[274]
[192]
[287]
[369]
[60]
[258]
[371]
[57]
[305]
[185]
[276]
[197]
[260]
[188]
[289]
[377]
[67]
[262]
[369]
[55]
[287]
[366]
[64]
[291]
[192]
[292]
[183]
[269]
[370]
[57]
[263]
[370]
[60]
[268]
[185]
[355]
[264]
[188]
[336]
[374]
[66]
[269]
[373]
[38]
[260]
[195]
[337]
[166]
[349]
[194]
[283]
[368]
[60]
[279]
[367]
[54]
[265]
[188]
[303]
[182]
[271]
[376]
[69]
[271]
[370]
[66]
[262]
[368]
[57]
[286]
[197]
[265]
[194]
[185]
[300]
[373]
[60]
[266]
[370]
[54]
[272]
[188]
[291]
[182]
[321]
[376]
[74]
[258]
[370]
[57]
[256]
[372]
[66]
[302]
[185]
[267]
[202]
[262]
[194]
[300]
[371]
[54]
[268]
[369]
[60]
[285]
[188]
[260]
[182]
[313]
[376]
[73]
[272]
[369]
[66]
[256]
[370]
[57]
[282]
[194]
[274]
[185]
[263]
[201]
[308]
[366]
[60]
[264]
[370]
[54]
[278]
[188]
[319]
[182]
[275]
[375]
[76]
[277]
[371]
[57]
[279]
[204]
[278]
[185]
[322]
[370]
[54]
[285]
[182]
[314]
[376]
[74]
[268]
[370]
[57]
[258]
[371]
[66]
[288]
[202]
[257]
[194]
[266]
[185]
[318]
[369]
[60]
[256]
[365]
[54]
[279]
[188]
[270]
[182]
[355]
[256]
[370]
[43]
[298]
[373]
[71]
[288]
[366]
[67]
[315]
[195]
[314]
[369]
[50]
[281]
[365]
[62]
[312]
[178]
[265]
[190]
[298]
[369]
[59]
[262]
[367]
[55]
[300]
[187]
[262]
[183]
[299]
[368]
[50]
[368]
[62]
[311]
[178]
[284]
[190]
[290]
[372]
[59]
[264]
[369]
[55]
[291]
[187]
[269]
[183]
[298]
[368]
[62]
[280]
[368]
[50]
[296]
[178]
[275]
[190]
[282]
[372]
[59]
[274]
[368]
[55]
[284]
[187]
[279]
[183]
[300]
[368]
[62]
[263]
[368]
[50]
[259]
[171]
[277]
[178]
[267]
[190]
[295]
[199]
[320]
[370]
[67]
[275]
[368]
[59]
[270]
[195]
[272]
[187]
[316]
[367]
[62]
[264]
[368]
[55]
[274]
[183]
[257]
[190]
[355]
[264]
[377]
[74]
[267]
[366]
[62]
[284]
[368]
[71]
[278]
[190]
[308]
[202]
[258]
[367]
[59]
[286]
[187]
[258]
[199]
[294]
[364]
[67]
[355]
[355]
[312]
[375]
[76]
[295]
[368]
[35]
[267]
[195]
[355]
[265]
[163]
[355]
[345]
[365]
[67]
[273]
[361]
[55]
[309]
[195]
[260]
[183]
[325]
[365]
[59]
[256]
[363]
[62]
[303]
[187]
[287]
[190]
[308]
[365]
[55]
[298]
[357]
[67]
[327]
[195]
[260]
[183]
[263]
[366]
[62]
[267]
[366]
[59]
[326]
[187]
[261]
[204]
[333]
[366]
[55]
[259]
[362]
[67]
[348]
[195]
[277]
[190]
[258]
[183]
[256]
[373]
[74]
[304]
[364]
[59]
[314]
[187]
[334]
[363]
[67]
[267]
[361]
[55]
[295]
[195]
[258]
[202]
[286]
[183]
[308]
[372]
[72]
[272]
[366]
[59]
[321]
[187]
[355]
[274]
[361]
[55]
[257]
[360]
[67]
[302]
[195]
[270]
[183]
[343]
[369]
[71]
[263]
[200]
[272]
[361]
[59]
[334]
[187]
[355]
[290]
[357]
[67]
[307]
[199]
[258]
[195]
[355]
[355]
[355]
[355]
[343]
[373]
[79]
[267]
[364]
[36]
[355]
[313]
[207]
[285]
[164]
[355]
[355]
[270]
[358]
[64]
[286]
[362]
[55]
[281]
[192]
[341]
[183]
[305]
[372]
[76]
[257]
[366]
[57]
[257]
[363]
[67]
[316]
[204]
[282]
[185]
[295]
[195]
[304]
[368]
[64]
[270]
[357]
[55]
[302]
[192]
[342]
[372]
[72]
[266]
[183]
[268]
[365]
[57]
[261]
[365]
[67]
[279]
[200]
[269]
[195]
[289]
[185]
[290]
[368]
[64]
[291]
[364]
[55]
[263]
[192]
[355]
[346]
[183]
[263]
[364]
[57]
[260]
[370]
[69]
[293]
[365]
[64]
[350]
[192]
[298]
[185]
[271]
[363]
[60]
[291]
[361]
[55]
[287]
[188]
[318]
[366]
[64]
[291]
[183]
[290]
[364]
[57]
[337]
[185]
[266]
[192]
[295]
[364]
[60]
[275]
[364]
[55]
[303]
[188]
[286]
[183]
[337]
[366]
[64]
[256]
[365]
[57]
[294]
[372]
[67]
[263]
[197]
[289]
[192]
[308]
[185]
[331]
[363]
[55]
[293]
[183]
[259]
[366]
[60]
[355]
[336]
[195]
[355]
[280]
[371]
[66]
[280]
[188]
[257]
[367]
[38]
[355]
[296]
[166]
[355]
[287]
[194]
[291]
[364]
[60]
[256]
[365]
[54]
[326]
[188]
[257]
[182]
[294]
[372]
[69]
[280]
[365]
[66]
[267]
[366]
[57]
[295]
[197]
[261]
[185]
[283]
[194]
[304]
[366]
[54]
[266]
[360]
[60]
[302]
[188]
[288]
[182]
[289]
[374]
[74]
[266]
[363]
[66]
[266]
[366]
[57]
[300]
[202]
[264]
[185]
[283]
[194]
[314]
[365]
[54]
[273]
[360]
[60]
[294]
[188]
[281]
[182]
[287]
[373]
[73]
[299]
[364]
[57]
[263]
[361]
[66]
[281]
[201]
[283]
[185]
[270]
[194]
[328]
[363]
[54]
[287]
[360]
[66]
[340]
[372]
[76]
[264]
[182]
[291]
[365]
[57]
[257]
[204]
[295]
[194]
[303]
[185]
[316]
[365]
[54]
[355]
[262]
[182]
[289]
[369]
[74]
[292]
[364]
[57]
[262]
[364]
[66]
[290]
[202]
[288]
[185]
[307]
[194]
[309]
[363]
[54]
[294]
[182]
[355]
[355]
[290]
[369]
[67]
[294]
[364]
[43]
[355]
[355]
[262]
[364]
[59]
[259]
[363]
[50]
[355]
[277]
[178]
[256]
[187]
[290]
[366]
[62]
[270]
[365]
[55]
[279]
[195]
[301]
[183]
[304]
[190]
[257]
[366]
[50]
[277]
[365]
[59]
[336]
[187]
[257]
[178]
[300]
[371]
[67]
[261]
[367]
[55]
[302]
[183]
[322]
[369]
[59]
[256]
[367]
[50]
[258]
[195]
[308]
[187]
[302]
[178]
[278]
[368]
[62]
[271]
[367]
[55]
[296]
[190]
[261]
[183]
[323]
[366]
[50]
[262]
[368]
[59]
[325]
[187]
[289]
[178]
[270]
[372]
[71]
[293]
[365]
[55]
[291]
[199]
[266]
[183]
[312]
[365]
[50]
[306]
[356]
[59]
[267]
[178]
[288]
[187]
[277]
[372]
[67]
[285]
[365]
[55]
[300]
[171]
[262]
[195]
[257]
[183]
[292]
[370]
[59]
[291]
[364]
[50]
[259]
[187]
[355]
[341]
[178]
[263]
[367]
[43]
[319]
[372]
[74]
[283]
[365]
[66]
[348]
[171]
[313]
[202]
[330]
[194]
[264]
[367]
[54]
[266]
[366]
[62]
[256]
[367]
[60]
[298]
[190]
[256]
[188]
[297]
[182]
[285]
[374]
[73]
[266]
[369]
[66]
[263]
[367]
[57]
[297]
[194]
[267]
[185]
[256]
[201]
[317]
[363]
[62]
[258]
[366]
[54]
[286]
[190]
[330]
[182]
[275]
[372]
[76]
[272]
[367]
[57]
[267]
[204]
[299]
[185]
[312]
[367]
[54]
[354]
[182]
[294]
[370]
[74]
[264]
[367]
[57]
[292]
[202]
[273]
[185]
[338]
[357]
[62]
[259]
[365]
[54]
[309]
[182]
[270]
[190]
[298]
[370]
[73]
[262]
[365]
[66]
[273]
[364]
[57]
[305]
[201]
[257]
[185]
[305]
[194]
[259]
[357]
[62]
[263]
[362]
[60]
[264]
[365]
[54]
[294]
[188]
[267]
[182]
[269]
[190]
[299]
[369]
[74]
[256]
[366]
[66]
[272]
[364]
[57]
[282]
[202]
[277]
[185]
[289]
[194]
[288]
[364]
[60]
[256]
[362]
[62]
[263]
[363]
[54]
[290]
[190]
[257]
[182]
[273]
[188]
[355]
[266]
[371]
[67]
[276]
[365]
[43]
[355]
[309]
[366]
[50]
[268]
[362]
[59]
[314]
[178]
[257]
[187]
[287]
[367]
[62]
[262]
[366]
[55]
[298]
[183]
[257]
[195]
[306]
[190]
[269]
[365]
[50]
[258]
[368]
[59]
[315]
[178]
[265]
[187]
[303]
[371]
[67]
[264]
[366]
[55]
[298]
[183]
[340]
[366]
[50]
[365]
[59]
[318]
[178]
[262]
[187]
[258]
[195]
[287]
[367]
[62]
[286]
[364]
[55]
[279]
[190]
[288]
[183]
[322]
[358]
[59]
[282]
[359]
[50]
[298]
[187]
[259]
[178]
[285]
[370]
[71]
[288]
[363]
[55]
[294]
[183]
[293]
[199]
[285]
[365]
[50]
[295]
[358]
[59]
[271]
[178]
[303]
[187]
[289]
[367]
[67]
[273]
[364]
[55]
[305]
[183]
[276]
[195]
[295]
[171]
[275]
[365]
[59]
[256]
[365]
[50]
[293]
[187]
[355]
[296]
[368]
[43]
[275]
[178]
[332]
[371]
[74]
[279]
[366]
[66]
[355]
[271]
[171]
[286]
[202]
[354]
[194]
[265]
[364]
[54]
[258]
[362]
[62]
[258]
[363]
[60]
[311]
[188]
[269]
[190]
[259]
[182]
[298]
[373]
[73]
[264]
[367]
[66]
[261]
[366]
[57]
[307]
[194]
[261]
[185]
[266]
[201]
[319]
[361]
[62]
[275]
[364]
[54]
[271]
[190]
[291]
[364]
[66]
[288]
[182]
[275]
[373]
[76]
[273]
[366]
[57]
[286]
[204]
[276]
[185]
[321]
[367]
[54]
[316]
[194]
[294]
[182]
[285]
[371]
[74]
[256]
[364]
[66]
[269]
[366]
[57]
[296]
[202]
[266]
[185]
[299]
[194]
[292]
[364]
[54]
[267]
[358]
[62]
[322]
[182]
[260]
[190]
[294]
[370]
[73]
[288]
[363]
[66]
[256]
[365]
[57]
[312]
[185]
[258]
[201]
[300]
[194]
[266]
[361]
[62]
[261]
[362]
[60]
[282]
[363]
[54]
[301]
[182]
[264]
[188]
[281]
[190]
[310]
[368]
[74]
[260]
[358]
[57]
[269]
[361]
[66]
[281]
[202]
[298]
[185]
[296]
[194]
[262]
[364]
[54]
[277]
[363]
[60]
[270]
[358]
[62]
[258]
[182]
[295]
[190]
[280]
[188]
[355]
[286]
[367]
[43]
[308]
[368]
[67]
[355]
[355]
[277]
[365]
[50]
[263]
[360]
[59]
[320]
[187]
[272]
[178]
[283]
[195]
[265]
[367]
[62]
[264]
[366]
[55]
[300]
[183]
[304]
[190]
[271]
[364]
[50]
[272]
[367]
[59]
[316]
[187]
[279]
[178]
[292]
[372]
[71]
[266]
[366]
[55]
[299]
[183]
[290]
[199]
[288]
[365]
[50]
[276]
[365]
[59]
[306]
[187]
[269]
[178]
[304]
[371]
[67]
[272]
[365]
[55]
[299]
[183]
[270]
[171]
[291]
[365]
[50]
[369]
[59]
[303]
[187]
[315]
[195]
[178]
[273]
[367]
[62]
[261]
[367]
[43]
[330]
[190]
[282]
[369]
[60]
[286]
[364]
[50]
[279]
[188]
[312]
[370]
[69]
[259]
[178]
[265]
[363]
[62]
[273]
[369]
[54]
[284]
[190]
[257]
[171]
[267]
[182]
[313]
[364]
[60]
[293]
[197]
[274]
[188]
[323]
[369]
[67]
[258]
[367]
[43]
[355]
[268]
[365]
[59]
[275]
[366]
[50]
[285]
[187]
[312]
[366]
[62]
[269]
[178]
[273]
[367]
[55]
[280]
[195]
[272]
[190]
[271]
[183]
[296]
[364]
[59]
[299]
[362]
[50]
[270]
[187]
[323]
[178]
[258]
[369]
[71]
[294]
[365]
[55]
[289]
[183]
[302]
[199]
[282]
[365]
[59]
[299]
[187]
[318]
[367]
[67]
[269]
[365]
[55]
[287]
[171]
[270]
[183]
[318]
[362]
[59]
[317]
[187]
[315]
[367]
[62]
[267]
[365]
[43]
[291]
[363]
[50]
[302]
[190]
[266]
[195]
[271]
[366]
[60]
[326]
[188]
[302]
[178]
[260]
[369]
[69]
[265]
[363]
[62]
[259]
[366]
[54]
[296]
[190]
[272]
[182]
[286]
[171]
[299]
[364]
[60]
[327]
[197]
[322]
[188]
[285]
[367]
[67]
[265]
[367]
[50]
[261]
[366]
[43]
[355]
[316]
[363]
[59]
[355]
[279]
[187]
[266]
[370]
[47]
[257]
[365]
[62]
[347]
[178]
[302]
[190]
[267]
[365]
[59]
[347]
[187]
[307]
[370]
[55]
[264]
[363]
[62]
[355]
[190]
[294]
[368]
[59]
[324]
[187]
[272]
[175]
[259]
[183]
[280]
[370]
[50]
[263]
[366]
[62]
[355]
[265]
[190]
[277]
[369]
[59]
[334]
[187]
[304]
[365]
[62]
[256]
[370]
[52]
[277]
[178]
[343]
[190]
[292]
[365]
[59]
[341]
[187]
[298]
[180]
[260]
[368]
[50]
[265]
[366]
[62]
[355]
[261]
[190]
[263]
[171]
[268]
[178]
[261]
[366]
[59]
[262]
[369]
[47]
[355]
[257]
[175]
[312]
[187]
[278]
[364]
[62]
[259]
[368]
[50]
[279]
[365]
[43]
[355]
[265]
[190]
[295]
[364]
[59]
[346]
[187]
[298]
[369]
[47]
[258]
[363]
[62]
[338]
[178]
[291]
[190]
[295]
[365]
[59]
[355]
[309]
[187]
[281]
[370]
[55]
[262]
[362]
[62]
[355]
[292]
[190]
[300]
[362]
[59]
[355]
[324]
[187]
[266]
[364]
[62]
[264]
[369]
[50]
[299]
[183]
[298]
[175]
[355]
[268]
[190]
[259]
[364]
[59]
[355]
[355]
[317]
[363]
[62]
[263]
[187]
[283]
[366]
[52]
[322]
[178]
[355]
[355]
[340]
[362]
[59]
[264]
[190]
[355]
[355]
[355]
[328]
[361]
[62]
[264]
[187]
[260]
[364]
[50]
[302]
[180]
[355]
[355]
[271]
[171]
[316]
[178]
[355]
[355]
[298]
[195]
[270]
[365]
[59]
[319]
[190]
[264]
[364]
[47]
[354]
[175]
[355]
[355]
[355]
[355]
[355]
[355]
[355]
[355]
[355]
[355]
[355]
[355]
[355]
[355]
[355]
[355]
[355]
[355]
[350]
[368]
[67]
[283]
[363]
[43]
[266]
[362]
[31]
[265]
[363]
[38]
[355]
[355]
[355]
[355]
[355]
[355]
[355]
[355]
[355]
[355]
[355]
[355]
[355]
[355]
[355]
[355]
[355]
[355]
[355]
[355]
[355]
[355]
[355]
[355]
[355]
[355]
[355]
[355]
[355]
[355]
[355]
[355]
[355]
[343]
[171]
[355]
[355]
[355]
[355]
[355]
[355]
[355]
[337]
[166]
[355]
[355]
[355]
[355]
[355]
[355]
[355]
[355]
[355]
[187]
[312]
[195]
[355]
[355]
[355]
[293]
[159]
