355
355
355
355
355
355
355
288
57
259
45
256
33
355
355
355
355
355
355
271
161
355
292
173
355
355
355
355
355
355
355
273
185
262
44
56
258
32
355
355
355
355
355
355
355
337
172
298
160
355
355
355
355
355
355
355
355
355
343
49
256
37
256
25
280
184
355
355
355
355
355
355
355
355
355
355
355
355
355
355
355
355
355
355
355
355
355
355
355
355
355
355
355
355
355
355
355
355
355
261
153
355
355
288
177
306
165
355
355
355
355
355
355
355
355
355
355
355
355
355
355
355
355
355
355
355
355
355
345
73
264
64
266
56
259
68
260
61
274
52
355
260
189
276
180
292
192
302
196
293
184
355
355
355
323
76
271
68
256
71
266
64
266
59
256
56
326
201
308
192
306
199
278
196
269
184
355
355
355
355
309
75
261
58
263
63
267
67
257
55
260
70
292
204
259
187
355
302
195
301
203
275
198
274
183
262
186
276
191
355
355
355
342
57
282
45
262
33
355
300
161
310
173
259
185
355
355
355
355
338
74
256
69
266
66
270
62
256
60
258
54
334
194
296
188
260
202
257
190
293
182
303
197
355
355
355
355
287
56
270
44
257
32
355
318
160
287
184
272
172
355
355
355
355
343
72
263
51
264
54
262
63
262
66
352
191
300
200
292
179
258
182
305
194
355
355
355
355
355
301
49
270
25
37
355
320
153
267
177
312
165
355
355
355
355
355
298
73
261
68
261
64
258
61
259
56
277
52
355
285
189
274
180
279
192
355
268
196
266
184
355
355
355
340
76
277
59
68
258
71
258
64
263
56
355
293
201
280
192
301
196
268
199
298
187
277
184
355
355
355
355
317
63
256
75
261
58
262
55
257
70
257
67
305
204
355
310
195
311
203
285
198
270
183
264
186
284
191
355
355
355
355
256
57
287
45
267
33
355
348
161
264
185
270
173
355
355
355
355
355
280
74
258
69
265
62
269
60
262
54
257
66
355
261
194
307
188
282
202
260
182
266
190
305
197
355
355
355
355
303
56
258
44
265
32
355
298
160
309
184
275
172
355
355
355
355
355
273
72
263
60
261
63
66
270
51
256
54
355
259
191
325
200
265
179
259
182
277
188
289
194
355
355
355
355
355
355
259
37
261
49
258
25
355
355
285
177
268
153
304
165
355
355
355
355
355
259
73
272
64
263
56
268
68
257
61
270
52
355
298
180
265
189
336
184
256
196
263
192
339
201
355
355
355
333
80
267
61
259
68
262
71
264
73
257
59
355
355
325
199
271
201
270
196
256
187
304
189
355
355
355
355
287
78
258
69
262
57
257
61
66
259
73
344
208
355
278
197
327
206
276
201
268
189
265
185
283
194
355
355
355
355
293
60
262
48
272
36
355
315
164
325
176
257
188
355
355
355
355
355
270
76
264
64
257
69
264
57
275
66
257
54
355
257
194
325
185
259
204
283
192
274
182
264
197
355
355
355
355
355
295
47
257
59
265
35
355
321
163
313
187
276
175
355
355
355
355
355
279
75
257
63
259
69
265
66
259
57
264
54
355
276
203
259
194
262
197
283
185
262
191
269
182
355
355
355
355
355
355
355
275
52
271
40
266
28
355
345
156
275
180
264
168
355
355
355
355
355
329
76
267
64
260
68
256
56
268
71
261
59
355
319
192
279
199
272
187
271
184
258
204
288
196
355
355
355
355
355
331
83
268
71
257
75
265
64
258
76
262
63
355
355
330
191
278
199
280
203
276
204
275
192
355
355
355
355
304
81
260
69
257
76
262
73
262
64
262
61
287
211
355
339
201
300
192
261
209
270
204
265
197
267
189
355
355
355
355
341
64
268
52
264
40
355
336
168
307
180
261
192
355
355
355
355
355
295
80
280
61
68
73
264
58
70
355
302
198
256
186
265
208
298
189
269
201
272
196
355
355
355
355
355
323
63
267
51
266
39
355
352
167
264
191
263
179
355
355
355
355
355
325
79
268
73
258
67
266
61
262
70
257
58
354
198
293
207
272
189
270
195
288
186
278
201
355
355
355
355
355
355
355
333
56
263
44
256
32
355
355
355
307
184
265
160
271
172
355
355
355
355
355
304
80
295
59
261
71
258
63
68
256
75
355
346
199
308
196
275
187
335
203
355
355
349
208
288
81
259
73
258
64
267
61
264
76
260
69
355
270
201
295
209
299
191
197
258
192
305
204
355
305
189
355
317
61
78
269
69
265
57
262
66
281
73
355
327
197
266
185
291
201
279
194
355
355
296
189
267
80
276
63
71
256
75
256
59
258
206
258
68
278
199
290
203
327
208
276
196
268
187
297
191
355
355
324
76
262
68
262
59
258
64
258
56
261
71
337
192
272
184
293
199
282
196
355
355
308
204
307
187
261
78
258
73
279
69
256
66
259
61
263
57
333
197
339
201
185
256
206
269
189
257
194
355
355
328
75
261
63
66
258
57
262
69
263
54
355
284
191
289
182
283
194
355
263
197
355
272
185
280
76
261
68
273
71
260
64
260
59
270
56
277
203
355
355
261
204
259
184
259
199
261
196
258
187
276
192
355
274
76
262
68
258
59
260
64
259
71
265
56
343
192
301
187
256
199
280
196
323
184
355
296
204
307
78
267
69
271
61
260
57
66
355
259
197
289
206
256
194
291
185
261
189
355
355
272
75
276
69
258
63
263
57
257
66
271
54
355
276
191
286
182
265
194
285
197
355
355
296
185
258
76
260
68
271
56
262
59
64
261
71
270
203
347
196
284
192
260
187
266
204
271
184
268
199
355
355
348
73
279
61
258
52
263
64
265
68
298
189
61
333
192
278
189
276
180
259
196
355
355
281
201
349
75
285
63
259
66
261
57
69
281
54
355
197
263
203
283
185
263
191
194
292
182
355
355
355
271
72
261
63
278
51
257
54
355
326
191
267
179
335
182
355
355
355
276
73
257
200
61
271
64
68
265
56
284
52
355
355
268
192
273
189
180
259
196
260
184
266
201
355
355
309
73
258
61
260
64
264
68
262
56
259
52
355
295
192
263
189
303
184
180
288
196
355
355
355
355
270
76
265
71
262
68
258
64
265
59
263
56
338
201
349
192
288
196
258
199
271
184
318
187
355
355
355
337
75
262
63
270
67
271
55
70
256
204
260
58
355
275
195
313
203
279
183
257
198
262
186
259
191
355
355
355
355
303
57
256
45
263
33
355
298
161
274
173
274
185
355
355
355
355
355
271
74
258
62
256
69
269
66
258
54
257
60
355
194
296
188
263
190
256
202
267
182
282
197
355
355
355
355
320
56
272
32
258
44
355
311
160
291
172
257
184
355
355
355
355
355
288
72
257
63
262
60
271
66
256
51
275
54
320
191
294
200
182
279
179
270
188
285
194
355
355
355
355
355
355
291
49
256
25
263
37
355
301
153
259
177
267
165
355
355
355
355
355
272
73
262
64
275
61
259
68
266
52
258
56
355
268
189
307
184
266
180
273
196
256
192
328
201
355
355
355
355
260
71
258
80
265
61
258
68
265
59
259
73
355
355
289
196
292
199
258
201
265
187
273
189
355
355
355
355
301
66
78
270
69
259
57
258
73
280
61
282
208
279
197
303
206
273
185
280
189
279
201
289
194
355
355
355
355
355
306
57
266
45
263
33
355
332
161
278
173
270
185
355
355
355
355
355
281
76
257
66
264
60
257
69
257
54
64
355
280
194
290
204
270
188
274
182
265
192
287
197
355
355
355
355
344
56
258
32
256
44
355
353
184
261
160
281
172
355
355
355
355
355
264
72
267
60
264
63
66
258
54
263
51
336
191
295
200
268
182
275
179
271
188
293
194
355
355
355
355
355
355
315
49
257
25
260
37
355
355
298
153
292
177
280
165
355
355
355
355
338
73
269
56
256
64
264
52
261
68
257
61
355
355
331
192
279
189
293
196
264
180
355
355
337
184
313
74
271
62
258
66
260
69
261
57
290
54
355
289
201
285
194
266
202
270
197
282
190
285
185
355
296
182
355
325
71
281
66
257
62
256
50
59
265
54
355
286
187
264
190
294
194
294
178
355
355
320
199
317
182
287
73
257
56
260
64
264
61
257
68
264
52
355
263
192
290
196
288
201
284
189
295
184
265
180
355
355
355
269
69
267
52
258
49
61
263
57
64
355
353
177
279
185
290
189
355
355
261
192
311
180
287
71
262
50
258
62
262
54
261
59
258
66
287
197
355
308
190
284
187
258
199
274
182
269
194
268
178
355
355
336
68
272
62
259
47
59
260
56
262
54
355
347
187
338
175
272
184
269
182
286
190
355
355
355
264
69
267
57
261
61
272
54
270
66
264
49
296
196
355
355
331
189
274
197
260
185
194
256
182
257
177
355
355
268
69
259
61
267
49
54
259
57
265
66
355
333
177
276
185
326
182
259
197
261
189
291
194
355
355
355
355
293
73
273
52
61
272
64
261
66
257
54
355
355
355
345
194
307
189
267
201
261
192
284
182
263
180
355
355
355
343
71
267
62
260
59
259
50
263
66
261
54
355
329
190
355
273
182
258
199
265
194
259
178
355
263
187
355
355
355
291
55
272
43
259
31
355
325
159
279
171
271
183
355
355
355
355
332
69
277
57
257
64
259
61
263
52
355
265
189
278
180
261
197
328
192
273
185
355
355
355
355
277
56
264
44
260
32
355
355
257
160
283
172
262
184
355
355
355
355
315
68
277
56
257
63
263
51
270
60
355
292
188
269
196
288
179
275
191
319
184
355
355
355
355
355
301
49
260
25
269
37
355
355
291
177
271
153
318
165
355
355
355
355
329
61
274
52
256
44
355
355
355
355
355
355
343
47
260
56
64
355
261
180
353
189
355
355
355
355
355
306
63
264
55
269
46
335
184
275
172
286
175
279
192
355
271
174
285
183
355
295
191
355
355
355
282
57
259
45
281
33
355
355
355
355
355
355
349
62
258
54
260
60
355
349
190
272
185
285
173
264
188
355
355
355
355
320
56
282
44
270
32
354
182
283
161
355
355
355
355
355
312
172
292
60
259
54
258
51
355
355
257
188
263
184
275
182
355
355
355
355
355
350
49
259
25
271
37
299
179
305
160
355
292
177
153
355
258
165
355
355
355
355
341
61
264
52
262
44
355
355
355
355
273
180
355
355
355
280
47
264
64
280
56
355
355
271
189
355
355
279
184
355
355
355
305
172
316
63
270
46
264
55
351
192
265
175
355
305
174
355
263
191
263
183
355
355
355
355
342
45
257
57
287
33
355
355
355
355
355
355
355
266
62
256
54
267
60
355
349
190
274
185
270
173
188
355
355
355
355
355
355
267
44
56
268
32
355
256
182
329
161
355
355
355
355
355
355
355
355
355
262
60
277
51
262
54
355
355
355
256
172
346
188
338
179
329
184
310
182
355
355
355
355
355
355
355
355
279
64
286
25
261
37
355
355
267
160
355
345
56
297
153
355
274
165
341
61
355
355
276
63
257
46
354
184
354
189
299
55
265
192
355
326
61
355
350
183
256
45
62
309
191
342
189
324
54
350
174
307
60
355
336
44
260
61
303
182
329
188
278
190
322
52
266
173
355
290
56
289
180
355
344
47
287
37
260
184
264
64
351
189
355
281
56
294
172
355
262
61
355
337
46
261
63
292
184
299
189
331
55
287
192
269
175
355
293
61
355
299
183
281
45
264
62
295
191
308
189
319
54
301
174
333
60
355
321
61
257
44
298
182
292
188
303
173
283
190
270
52
355
285
56
275
165
258
180
275
189
275
184
325
40
312
68
355
306
56
300
172
333
61
355
291
66
264
39
285
184
285
189
286
168
284
196
266
57
355
272
61
355
301
42
314
194
265
69
294
185
267
167
284
189
273
197
327
54
355
272
61
311
182
330
40
271
68
309
170
277
189
309
56
336
196
301
61
355
262
45
256
184
261
66
340
189
310
54
303
168
318
64
261
194
264
61
355
279
66
258
39
263
182
281
189
262
192
327
173
266
54
355
264
61
266
194
305
182
325
44
258
64
269
189
355
260
54
265
167
329
192
284
63
258
60
355
297
188
277
64
277
37
263
182
307
191
290
172
313
52
351
192
266
61
355
262
180
355
263
47
337
64
355
268
189
338
56
355
292
61
355
315
46
265
63
279
184
318
192
259
189
279
175
284
55
355
268
61
300
191
303
183
288
45
259
62
331
189
294
54
265
174
355
260
60
275
190
317
182
289
61
281
44
330
188
265
52
259
173
297
165
305
56
317
180
338
47
287
37
299
64
291
184
276
189
308
172
312
56
355
292
61
331
184
297
63
265
46
290
192
281
189
303
175
55
354
61
276
191
305
183
303
62
258
45
279
189
328
174
272
54
350
190
60
317
182
295
44
259
61
336
188
280
52
264
165
258
173
313
189
266
56
257
180
282
184
344
40
267
68
313
172
296
56
355
257
61
349
66
257
39
263
184
276
196
263
189
282
168
286
57
336
194
263
61
349
42
271
69
257
185
273
167
264
189
293
197
315
54
338
182
267
61
305
40
284
170
261
68
262
189
280
168
313
56
282
196
295
61
280
184
287
189
355
261
52
257
45
274
73
353
61
355
266
69
337
54
256
71
276
189
279
197
268
180
298
201
257
62
351
69
282
199
299
190
297
53
270
74
295
182
266
197
319
62
355
259
68
351
190
273
196
264
73
256
52
257
202
265
181
354
61
281
173
269
180
315
189
264
69
260
201
295
197
355
312
60
63
78
355
304
69
331
75
352
76
257
203
64
259
191
256
197
265
61
263
206
269
188
321
189
261
68
341
204
256
73
289
201
257
192
256
196
315
59
258
56
274
74
347
65
326
71
303
193
271
187
279
73
259
202
260
184
260
61
261
57
262
199
322
66
334
69
258
194
257
201
336
185
271
74
258
189
259
59
262
56
263
197
327
65
335
193
264
71
315
187
272
184
257
202
263
57
73
257
61
281
199
306
185
66
286
201
259
189
308
69
269
194
265
197
331
53
56
267
71
318
62
352
68
266
190
296
181
267
57
272
184
258
196
258
54
257
69
277
199
309
61
258
182
282
197
285
185
272
66
279
189
277
194
305
54
261
69
261
51
323
60
327
188
268
66
288
182
292
197
261
52
263
56
68
275
194
256
179
280
61
270
180
289
184
263
196
276
64
272
189
261
192
339
66
265
51
265
48
319
57
322
63
279
185
311
64
267
191
261
179
259
52
268
49
266
194
261
176
288
56
262
177
274
180
297
61
264
184
318
192
289
189
42
268
62
341
57
334
61
264
185
308
189
267
50
256
69
269
190
320
57
300
170
264
197
277
185
261
61
287
189
292
178
273
43
285
63
329
58
336
61
278
186
289
51
273
70
270
189
267
191
289
58
283
179
261
171
282
61
256
198
283
186
268
189
321
44
261
64
327
59
326
63
295
187
266
192
271
191
271
52
270
71
350
63
278
59
259
199
285
187
259
191
320
51
257
72
287
180
291
60
293
200
277
188
267
66
301
49
268
179
277
73
257
177
256
172
284
194
269
61
268
68
297
37
256
196
261
201
261
64
272
165
262
189
274
192
355
263
59
274
76
355
263
68
355
263
73
276
196
312
75
256
204
263
58
283
201
276
187
271
67
321
203
256
73
270
195
315
74
264
57
257
201
290
186
276
66
306
202
269
72
291
194
263
56
267
73
264
185
283
184
277
200
262
64
306
68
256
37
267
201
271
192
259
196
256
165
258
67
282
195
304
76
259
59
261
77
256
205
351
68
352
73
293
196
256
204
294
75
279
58
266
201
284
187
277
67
303
203
261
73
277
195
308
74
261
57
261
201
292
186
280
66
298
202
273
72
320
56
259
73
258
194
266
185
282
200
264
184
282
64
299
68
258
201
257
192
278
196
335
61
261
52
260
80
338
68
331
73
307
78
264
51
262
196
271
201
263
208
270
180
287
69
314
73
269
206
328
197
261
54
263
81
274
201
297
179
268
209
298
66
314
73
272
194
306
80
257
52
276
189
258
182
201
277
78
288
68
273
206
272
208
299
73
279
196
285
57
256
78
278
180
269
201
286
66
323
76
260
206
262
73
297
194
278
51
262
78
268
185
264
201
262
204
288
66
299
206
289
73
276
194
275
179
268
76
257
56
275
201
305
66
283
204
283
72
283
194
257
75
279
200
274
76
263
49
274
184
258
203
265
177
273
64
293
204
285
192
73
260
37
276
165
307
76
273
201
262
59
303
68
350
204
256
73
265
196
305
75
287
58
264
201
283
187
279
67
273
203
307
195
263
73
298
74
258
57
271
201
256
186
297
66
294
202
296
72
259
56
270
194
267
185
259
73
278
184
285
200
265
64
296
37
260
68
264
201
265
192
260
165
268
196
302
59
77
268
76
301
204
291
76
342
73
263
205
270
204
280
75
264
58
281
187
269
201
301
67
264
203
304
73
281
195
264
57
261
74
258
186
280
201
307
66
283
202
282
56
266
72
258
185
277
184
264
194
269
73
289
200
280
64
289
201
275
192
260
68
283
196
275
61
265
52
284
80
285
78
286
206
275
68
321
73
283
208
196
285
78
264
51
260
201
281
180
285
69
307
206
269
73
281
197
286
54
81
270
79
256
201
273
179
281
209
284
66
264
207
320
194
257
73
273
52
262
182
273
180
80
260
189
262
201
297
68
301
196
261
208
337
68
258
83
262
65
288
74
339
202
257
80
289
211
269
81
262
69
264
66
272
196
193
269
194
259
78
263
209
256
73
267
197
265
208
290
201
270
206
80
273
208
301
68
256
71
267
86
274
77
327
83
274
205
291
214
256
85
256
199
263
69
267
211
264
73
269
196
264
78
258
197
272
81
256
201
267
213
269
79
256
207
257
206
279
209
321
75
267
90
257
72
268
81
269
91
277
219
87
329
209
276
73
258
76
262
88
261
200
267
203
273
218
265
85
260
201
80
267
204
261
215
258
208
269
216
281
76
265
213
269
204
308
93
259
84
268
90
326
212
256
78
262
218
259
76
256
75
267
79
276
207
269
90
257
204
258
84
261
203
283
206
267
212
273
218
257
221
256
80
258
76
302
208
268
92
260
85
257
88
274
213
262
216
272
220
261
80
286
204
267
208
274
90
256
81
260
87
289
91
279
209
257
75
256
72
257
219
256
215
281
218
264
200
260
81
257
203
265
87
286
209
263
215
263
91
260
76
258
73
289
219
260
204
279
80
256
201
88
264
85
273
216
259
208
256
213
265
73
261
76
293
204
260
201
280
86
256
77
257
83
294
205
258
211
271
214
259
71
258
68
297
199
258
83
256
77
257
86
268
196
264
81
257
205
265
211
214
268
209
265
73
257
69
297
201
263
78
259
85
256
197
262
81
267
206
263
213
256
209
269
69
258
73
295
197
256
201
272
83
256
74
270
80
276
76
256
204
82
259
208
257
202
275
211
257
210
258
68
262
65
283
83
256
193
257
80
259
74
261
196
281
202
270
211
261
208
270
69
260
66
289
197
260
73
260
81
259
194
78
274
201
267
206
257
209
263
66
257
69
302
197
267
194
268
72
263
78
261
81
275
80
263
200
262
209
256
206
258
75
256
203
267
208
65
285
62
260
63
267
193
259
190
256
81
256
73
264
78
267
191
258
201
269
206
262
209
271
68
259
64
276
196
263
80
284
78
274
68
262
208
256
206
280
192
262
196
279
69
258
78
259
75
274
197
268
203
263
206
276
60
258
62
265
59
265
78
259
69
257
75
256
190
256
188
261
187
267
197
276
203
277
206
266
64
258
61
267
60
272
68
264
192
263
196
258
188
258
77
275
64
266
205
295
192
256
189
273
65
74
256
71
286
193
268
199
263
202
259
59
257
56
299
187
258
74
260
71
259
65
272
69
257
193
267
184
263
199
257
202
257
197
270
61
256
57
284
189
271
185
258
73
266
69
263
65
256
201
268
197
259
193
257
57
265
61
286
185
267
189
262
71
260
62
257
68
290
190
270
196
260
199
261
56
262
53
283
71
258
181
258
62
68
267
184
276
190
275
199
196
275
57
262
54
278
185
261
61
257
182
262
69
265
66
259
189
262
197
278
194
259
54
259
57
284
185
271
69
257
182
258
60
267
66
280
188
258
194
267
197
275
51
258
54
288
66
69
259
182
257
60
262
179
270
188
260
194
197
288
56
264
52
282
184
277
60
259
180
271
68
263
188
276
196
256
52
56
276
184
264
180
270
66
259
57
257
63
287
191
256
185
288
51
260
48
261
194
272
66
258
179
258
57
258
176
264
63
269
185
271
191
281
194
271
51
279
52
258
56
257
49
256
61
259
64
258
179
270
184
262
189
258
192
280
180
257
177
304
60
256
69
259
66
294
194
258
188
257
54
256
51
291
197
266
182
258
69
256
179
260
60
258
66
276
188
272
56
257
197
262
52
257
194
285
184
287
61
256
68
258
64
274
189
262
56
266
192
256
196
273
180
258
184
304
57
66
259
63
288
185
272
51
258
48
257
191
268
194
271
179
257
176
264
66
261
63
261
57
277
185
276
51
257
191
269
48
257
194
270
52
262
176
276
56
260
64
257
61
259
179
277
189
258
184
260
192
264
49
286
180
258
177
272
57
258
63
66
288
61
256
189
258
185
267
51
261
191
257
48
266
194
285
66
262
63
256
57
263
176
263
179
272
185
275
191
258
52
258
49
266
194
269
51
260
48
271
179
256
64
258
56
261
180
257
61
259
176
269
177
267
59
256
187
257
184
257
189
272
192
262
51
258
49
278
48
258
177
273
66
257
57
256
63
290
185
260
179
263
191
268
194
271
51
284
66
258
63
258
57
280
185
263
52
273
191
271
194
266
49
266
176
261
179
270
56
258
180
64
260
61
281
189
259
177
184
267
192
281
48
261
51
289
57
257
63
66
292
185
61
265
191
274
189
256
194
280
66
259
63
259
57
278
52
264
185
256
67
276
49
262
195
260
191
266
194
292
180
256
179
263
64
258
56
265
176
61
264
177
275
184
279
192
256
189
355
349
69
256
45
256
57
257
33
301
66
256
194
355
355
330
161
275
185
328
197
173
355
355
355
315
78
256
61
257
66
256
54
257
49
73
297
189
271
177
267
182
256
75
297
194
336
206
332
201
262
203
355
355
355
355
355
339
44
256
56
68
261
32
355
355
304
184
270
160
318
172
355
277
196
355
355
355
355
293
80
257
66
68
257
60
256
63
256
72
260
54
290
194
257
182
281
191
257
188
273
196
257
208
306
200
355
355
355
355
355
355
355
355
314
37
258
49
256
61
256
28
256
32
256
52
56
258
25
349
177
282
180
273
184
257
153
271
189
259
156
274
160
260
165
355
355
355
311
76
85
257
73
80
257
64
260
61
256
52
256
56
294
82
267
180
272
192
273
201
291
189
257
184
275
204
338
208
281
210
273
213
355
355
355
280
76
256
88
257
83
256
68
80
262
64
257
56
59
333
196
256
184
295
192
264
187
325
216
353
211
266
208
315
204
355
355
283
75
87
258
67
256
79
257
82
257
63
256
58
256
55
297
183
256
195
273
215
273
203
257
191
256
186
295
207
263
210
355
355
355
355
355
261
45
258
57
69
258
33
355
306
161
260
185
325
173
263
197
355
355
355
311
66
257
86
256
62
257
60
74
257
84
256
78
256
54
298
194
260
182
266
202
256
190
256
214
271
188
268
212
263
206
355
355
355
355
340
44
256
56
258
68
256
32
285
66
288
194
350
184
270
160
291
172
271
196
355
355
355
322
63
258
84
257
72
256
60
256
54
75
257
78
257
51
283
179
261
191
261
212
200
267
188
266
182
266
203
262
206
355
355
355
355
355
323
37
49
258
61
257
32
52
257
28
56
256
25
308
58
261
27
303
186
271
155
322
177
296
180
273
153
263
156
256
184
277
189
160
266
165
355
355
355
283
85
256
73
76
256
64
256
80
258
52
56
257
61
298
180
271
192
278
189
258
184
258
201
273
82
305
204
336
208
266
213
210
355
355
355
299
76
83
88
256
80
257
68
263
56
257
59
256
64
316
184
274
196
282
192
257
187
355
216
355
257
211
284
204
270
208
355
355
285
67
75
256
87
256
58
256
55
63
257
82
256
79
294
183
258
215
258
195
277
203
259
186
259
191
261
207
262
210
355
355
355
355
355
278
69
258
45
57
261
33
282
66
296
194
355
276
185
270
161
299
197
268
173
355
355
355
262
86
257
62
256
74
256
66
257
78
256
60
84
258
54
282
82
265
214
257
194
258
202
257
182
260
190
210
269
188
212
262
206
355
355
355
355
342
44
259
32
56
259
68
267
66
273
194
261
34
256
162
353
184
288
160
262
172
273
196
355
355
355
334
84
256
72
256
75
257
63
78
262
54
257
51
60
291
212
261
191
257
200
261
179
262
188
269
182
257
203
261
206
355
355
355
355
355
328
37
56
256
49
258
32
52
61
256
25
28
301
27
270
58
279
155
282
186
259
177
300
180
276
153
260
184
263
156
257
189
256
160
265
165
355
355
355
291
64
85
256
73
257
52
76
257
61
256
80
258
56
296
180
273
192
269
82
268
189
263
184
265
201
320
204
324
208
262
213
257
210
355
355
355
306
92
257
80
257
71
85
259
59
257
68
258
61
293
90
256
218
262
87
284
187
279
215
307
199
355
274
196
273
189
303
213
276
208
355
341
220
290
69
258
57
257
66
78
257
85
256
90
256
61
290
185
256
197
281
218
257
194
258
206
264
189
259
213
355
355
355
355
351
60
256
48
258
72
256
36
355
285
164
280
188
294
176
257
200
355
277
80
287
208
355
344
66
259
60
88
257
64
76
81
257
54
257
78
275
86
256
214
259
182
266
194
258
216
264
192
265
204
261
58
257
188
269
209
256
206
275
186
355
355
355
355
328
47
256
59
71
259
35
355
270
163
273
187
273
175
277
199
355
355
355
334
66
258
81
256
75
256
54
257
87
256
63
256
78
258
57
283
58
256
61
257
189
257
215
262
194
262
182
265
203
257
186
257
191
185
259
209
269
206
355
355
355
355
355
332
64
256
40
52
257
56
257
28
35
256
59
259
32
286
61
281
189
355
180
277
156
269
184
187
274
192
261
163
257
168
262
160
355
355
355
295
68
256
56
88
256
76
259
80
256
83
256
59
64
298
196
256
184
267
192
258
187
307
204
267
85
287
208
262
211
264
216
263
213
355
355
355
355
328
83
95
260
63
88
257
75
260
64
260
71
291
191
257
203
263
192
260
199
355
355
325
216
314
211
355
355
279
223
295
73
257
81
257
88
256
61
257
93
261
64
257
69
272
95
261
92
261
201
270
223
257
189
256
209
257
197
258
220
263
192
258
216
221
355
355
355
355
329
76
257
64
256
52
259
40
355
276
168
264
192
288
180
259
204
355
355
355
287
70
257
58
256
92
256
80
257
82
256
85
257
68
256
61
287
198
257
220
257
63
256
186
262
196
257
208
261
189
262
210
261
213
261
191
355
355
355
355
327
63
75
263
51
257
39
294
73
300
201
306
191
266
167
259
179
270
203
258
76
289
204
355
355
355
335
91
256
79
258
82
257
70
257
85
258
58
258
67
256
61
284
219
198
256
207
261
186
257
195
269
210
189
260
213
355
355
355
355
355
355
297
44
56
258
68
257
59
256
63
258
39
258
35
257
32
274
66
283
194
355
342
184
292
187
275
191
258
160
264
163
278
196
267
167
260
172
355
355
355
267
80
258
71
83
256
92
256
87
257
63
256
59
258
68
305
90
306
218
269
187
334
211
259
208
295
191
257
199
263
196
291
215
290
220
355
332
81
93
257
73
256
85
88
259
69
258
64
256
61
331
201
262
221
280
197
267
216
258
209
264
192
257
213
272
189
355
355
277
69
256
57
258
81
256
61
256
90
256
78
256
66
257
85
323
60
260
185
276
206
256
197
266
209
257
188
263
194
257
218
256
189
260
213
355
355
263
71
80
83
87
257
68
92
259
63
261
59
294
199
274
187
258
196
264
211
263
220
191
260
208
215
355
338
68
83
88
258
56
256
76
256
59
64
258
80
309
85
259
192
257
204
264
187
265
211
258
208
213
256
216
267
196
257
184
355
305
69
256
81
257
78
258
90
257
85
257
57
61
66
284
197
277
209
256
185
257
194
257
206
256
213
87
256
218
257
189
307
215
318
81
305
209
81
266
66
75
256
78
258
54
87
256
63
257
57
293
58
268
203
256
185
256
194
257
182
256
191
262
209
206
260
186
283
215
355
276
88
256
68
258
83
256
80
256
59
256
56
76
263
64
324
85
256
204
268
211
268
216
257
196
208
258
184
192
264
213
269
187
310
59
68
257
56
259
76
258
64
256
88
256
80
257
83
275
85
261
192
259
204
259
216
263
187
257
211
256
213
257
196
265
208
259
184
355
274
69
257
81
256
57
66
260
61
78
260
85
90
278
197
261
87
262
194
259
185
257
209
256
206
259
189
218
256
215
259
213
355
302
81
257
66
257
75
259
78
260
57
256
54
257
87
256
62
278
185
190
263
203
261
194
257
206
256
209
261
182
277
215
355
283
83
262
88
256
68
261
76
80
257
59
64
261
56
274
77
262
196
260
192
259
216
257
204
258
211
257
187
205
258
208
266
184
355
321
76
258
73
256
64
85
257
52
259
56
61
258
80
285
82
265
180
256
192
258
201
261
204
258
189
256
210
262
184
258
213
267
208
355
342
66
258
63
256
75
259
81
257
78
256
54
256
87
262
58
257
57
278
194
259
186
261
185
256
191
259
203
260
209
215
258
206
259
182
355
355
285
63
258
72
75
257
84
258
60
78
256
51
54
282
191
257
188
260
212
256
200
263
206
260
64
257
203
258
179
256
182
292
192
355
333
25
37
260
49
261
61
266
165
256
177
257
27
265
189
256
153
280
155
355
355
335
64
257
52
73
76
256
56
61
85
259
80
304
82
287
210
355
325
201
284
208
262
213
258
184
269
204
263
180
264
192
285
189
319
64
73
85
258
52
56
257
76
256
61
257
80
287
82
270
180
290
192
264
201
271
184
264
189
256
204
273
213
269
210
258
208
355
355
343
76
88
257
83
257
68
256
56
80
260
59
256
64
336
216
286
204
271
196
258
184
277
211
259
192
258
187
317
208
355
355
338
58
87
256
67
257
55
75
258
79
259
63
257
82
293
195
261
183
261
215
260
203
191
265
186
259
207
263
210
355
355
355
355
318
45
261
33
259
57
259
69
355
292
185
259
161
294
197
256
173
355
355
355
260
86
258
66
74
258
78
257
62
84
256
54
258
60
294
214
257
82
256
194
258
202
256
182
260
190
266
212
258
188
210
260
206
355
355
355
355
309
44
258
32
56
68
298
66
256
194
355
184
283
160
261
196
258
172
355
355
355
285
63
84
259
72
257
54
75
256
60
257
51
78
288
191
259
212
258
200
259
188
258
179
269
182
258
203
259
206
355
355
355
355
355
296
37
256
32
49
257
61
256
52
257
56
256
25
258
28
282
27
263
58
287
155
261
186
273
177
271
180
274
184
262
153
261
189
277
156
264
160
257
165
355
355
355
286
61
85
257
73
257
52
76
256
64
65
256
56
260
80
281
193
262
180
270
192
261
82
262
184
257
201
259
189
272
204
258
213
262
210
265
208
355
355
355
355
339
92
256
71
257
80
259
85
258
59
61
68
282
63
266
90
267
87
256
215
266
191
266
218
355
355
318
196
257
213
265
187
271
199
273
189
271
208
355
314
69
258
66
257
57
61
78
256
85
90
285
220
258
197
268
185
89
260
206
257
194
265
213
256
218
260
189
266
217
355
355
355
355
314
45
258
69
256
33
57
355
259
185
256
161
273
173
273
197
355
355
355
325
88
258
76
256
66
78
257
60
256
54
81
257
64
294
194
259
216
258
192
262
204
58
261
182
265
188
265
209
259
206
258
186
355
355
355
355
335
44
261
32
260
56
258
68
276
66
294
194
310
184
278
160
265
172
258
196
355
355
355
355
269
84
258
63
72
258
75
259
78
256
54
60
256
51
290
212
260
191
259
200
261
188
260
179
256
81
268
203
256
182
259
206
282
209
355
355
355
346
37
260
28
256
25
256
32
265
49
257
61
274
177
258
58
256
186
265
27
256
155
262
153
258
189
259
156
160
258
165
355
355
355
265
64
256
73
256
56
256
85
257
76
256
52
80
258
61
355
355
266
213
300
204
256
208
266
201
355
309
192
264
189
274
184
259
180
355
297
73
264
61
256
64
256
56
258
68
261
52
355
303
196
258
192
294
189
268
180
355
355
355
258
184
262
201
282
66
74
258
62
258
69
257
54
257
57
355
260
194
313
185
265
202
263
197
296
190
355
299
182
353
62
265
50
71
258
59
256
54
260
66
355
314
187
305
194
263
190
270
178
355
355
290
199
271
73
258
64
260
61
256
56
259
68
260
52
258
182
354
192
308
196
279
201
281
189
267
180
258
184
355
355
318
52
61
258
69
258
57
257
64
260
49
355
355
283
185
289
177
258
189
355
294
192
334
180
267
71
264
62
259
197
59
66
257
50
261
54
355
304
190
263
187
289
199
279
178
260
194
261
182
355
355
304
68
257
59
258
54
256
47
256
62
264
56
355
342
187
313
184
276
175
263
190
330
182
355
341
69
263
57
259
61
259
66
261
54
259
49
282
196
355
355
321
189
277
182
282
177
278
194
256
197
265
185
355
277
61
266
69
257
49
261
54
57
259
66
355
301
185
284
177
275
197
284
194
260
189
302
182
355
355
355
354
73
262
64
261
61
257
52
54
355
355
355
355
296
192
275
180
302
182
264
189
268
201
355
355
301
62
71
268
59
257
66
260
50
261
54
355
301
190
346
178
256
199
256
182
283
187
262
194
355
355
355
289
43
264
55
256
31
355
353
159
312
183
257
171
355
355
355
296
69
259
61
259
57
257
64
258
52
355
266
189
291
185
260
197
283
180
297
192
355
355
355
298
44
258
32
258
56
355
330
160
303
172
304
184
355
355
355
351
60
258
51
256
68
256
56
257
63
271
54
294
182
277
188
276
184
256
196
282
191
286
179
355
355
355
355
355
355
328
37
258
25
261
49
355
324
177
261
153
297
165
355
355
355
355
355
355
355
278
61
256
64
69
257
57
73
262
52
355
355
355
355
355
355
355
355
355
350
201
306
192
272
189
350
197
261
180
355
268
185
355
355
355
355
355
355
355
322
37
259
25
262
49
355
307
177
272
153
289
165
355
355
355
355
355
355
287
64
259
61
256
69
257
73
256
55
257
52
355
355
355
355
355
355
355
355
355
306
201
270
192
337
189
301
197
180
355
183
355
355
355
355
355
355
355
355
355
353
25
37
49
355
329
153
292
177
261
165
355
355
355
355
355
355
342
61
64
256
70
257
66
73
260
58
256
54
263
52
263
50
273
178
300
180
286
192
282
186
265
182
355
355
355
355
355
355
355
355
355
355
346
201
355
355
291
198
321
189
280
194
355
355
355
355
355
355
355
355
355
355
355
355
355
355
355
355
278
25
258
49
260
37
355
355
355
259
153
301
177
270
165
355
355
355
355
355
355
355
355
355
312
61
257
69
256
63
256
73
260
66
263
51
260
54
258
57
318
185
265
179
182
262
191
355
355
355
355
355
355
355
355
355
355
355
355
262
201
295
197
316
189
266
194
355
355
355
355
355
355
355
355
355
355
355
355
355
355
355
355
355
355
355
355
355
355
355
355
355
355
355
355
349
25
269
49
269
37
355
355
355
355
355
355
355
355
355
333
153
350
165
262
177
355
355
355
355
355
355
355
355
355
355
355
355
355
355
355
355
355
355
353
73
267
64
68
263
61
269
56
258
52
267
44
49
351
180
265
177
271
184
264
172
355
355
337
189
291
192
302
196
355
291
201
355
355
355
355
355
355
355
355
355
355
355
355
355
355
355
355
355
355
355
298
80
261
76
261
68
259
73
263
64
277
56
258
61
327
184
259
189
280
201
258
196
257
208
260
192
275
204
355
355
355
355
273
73
256
68
258
80
264
76
277
64
261
52
258
56
264
61
319
189
259
201
257
184
280
180
260
192
280
204
264
196
355
355
355
355
355
355
355
355
355
355
355
355
355
355
355
355
355
355
355
355
355
355
355
355
355
355
355
355
355
355
355
355
355
355
355
355
355
355
355
355
355
355
355
355
355
299
208
