355
355
355
355
355
355
355
319
77
355
355
355
355
355
355
355
355
297
81
324
205
355
355
355
355
355
355
355
355
355
355
284
86
323
209
355
355
355
355
355
355
355
355
355
355
355
355
355
269
67
355
296
214
280
84
355
355
262
82
262
212
355
355
355
344
73
355
298
81
261
195
307
210
355
280
209
256
79
355
355
355
300
74
300
201
355
265
76
321
204
355
320
76
304
207
355
355
292
77
264
204
355
355
269
70
291
202
353
205
268
76
282
204
355
292
76
287
204
270
77
323
205
268
79
355
342
198
259
67
355
326
77
289
207
355
309
205
260
76
355
355
355
355
285
69
284
195
261
204
355
297
76
355
315
204
288
74
355
316
202
265
73
355
355
355
294
201
262
74
273
62
330
197
355
292
77
355
311
205
277
81
355
269
209
311
85
304
202
287
213
355
334
85
355
355
355
328
190
337
213
292
86
355
355
355
355
355
355
355
331
67
355
355
329
214
265
84
355
257
212
355
265
84
355
328
82
282
212
288
210
355
271
82
283
73
355
309
81
297
210
287
209
298
195
298
81
355
314
79
285
209
284
207
355
274
79
262
74
311
201
354
77
269
207
299
205
355
265
77
355
302
76
273
205
277
204
355
286
76
269
70
318
202
338
204
260
77
304
205
355
270
77
355
269
205
287
79
294
207
355
292
198
258
67
256
79
355
307
207
260
77
294
205
355
289
77
355
292
205
273
76
289
204
355
290
195
281
76
258
69
355
301
204
281
74
303
202
355
295
74
355
345
202
259
73
295
201
355
355
325
73
318
62
355
305
197
355
355
355
355
277
74
329
201
355
355
355
355
355
355
355
270
190
355
307
202
355
355
355
355
355
355
355
355
351
86
302
59
355
355
256
214
310
83
355
325
80
333
211
333
77
297
208
355
258
205
272
74
284
202
355
283
71
355
301
199
277
68
355
293
187
261
74
292
196
273
202
355
308
74
289
57
258
65
355
355
355
304
64
260
72
323
193
273
202
307
192
268
200
261
71
263
62
283
199
260
190
307
185
355
342
71
277
45
264
62
355
351
190
284
199
355
355
266
72
273
64
355
296
173
296
192
293
200
355
355
355
291
84
283
57
355
355
259
81
276
212
355
293
78
261
209
355
299
75
297
206
348
203
284
72
280
200
355
276
69
355
279
197
280
66
355
274
194
279
72
313
185
273
200
355
292
72
268
55
264
63
355
355
355
327
62
260
70
338
191
289
200
278
190
259
183
264
198
69
273
61
274
197
264
189
355
355
260
69
274
61
272
43
355
329
189
311
197
355
355
347
70
268
62
355
320
190
265
171
340
198
355
355
355
341
82
290
55
355
355
271
79
300
210
355
287
207
260
76
355
299
73
263
204
355
307
70
259
201
304
198
343
67
322
195
346
61
313
189
280
183
331
67
341
195
355
298
67
279
64
271
50
355
355
324
195
269
192
300
62
263
65
355
262
190
292
193
263
64
264
61
292
189
276
192
355
282
64
276
61
259
38
355
355
355
355
332
192
268
65
262
62
286
189
284
166
353
178
284
190
311
193
355
292
50
355
349
53
345
178
323
56
333
181
329
59
282
184
355
283
187
263
62
355
294
65
271
190
286
193
352
68
355
315
86
287
77
262
196
327
205
269
214
355
270
86
274
77
258
69
355
355
355
295
85
261
76
319
204
259
205
271
214
316
83
256
74
260
213
277
202
279
211
266
197
355
307
83
295
74
279
57
355
293
202
355
283
211
337
85
282
76
306
185
294
204
257
213
355
355
355
283
50
355
347
53
296
178
355
290
56
283
181
355
284
59
259
184
355
314
187
258
62
355
318
65
265
190
297
193
355
304
68
355
355
263
86
295
77
322
205
265
196
214
355
355
278
86
292
69
257
77
355
355
355
304
214
276
205
273
85
271
76
294
204
346
213
268
197
271
83
271
74
267
211
274
202
355
355
280
83
286
74
261
57
355
270
202
274
211
355
355
340
85
294
76
355
355
333
213
310
204
355
287
185
355
355
355
355
355
355
355
355
355
277
69
355
355
355
277
76
267
73
304
204
326
201
307
77
279
74
325
205
310
202
259
76
273
73
282
197
280
204
329
81
288
201
274
79
262
67
260
209
355
325
70
355
329
76
301
204
303
195
302
207
266
77
276
74
294
202
261
198
355
270
69
341
205
337
76
256
73
355
256
204
287
201
266
77
279
74
324
202
288
205
270
76
263
73
280
197
318
204
305
81
268
201
276
67
263
79
282
209
355
278
70
355
321
76
318
204
315
207
258
195
261
77
263
74
284
202
259
198
355
318
205
273
76
265
69
265
73
355
348
82
287
197
292
201
355
270
73
257
67
320
210
316
195
269
201
261
204
256
81
355
347
65
74
354
202
256
193
305
79
349
209
355
264
73
259
64
355
262
201
262
192
298
77
264
207
355
333
62
256
74
355
275
202
297
190
260
76
257
205
355
355
308
71
262
64
263
68
355
355
316
199
264
204
74
274
192
329
196
355
312
65
265
69
355
354
202
262
72
355
317
197
279
71
257
200
355
305
193
290
69
269
199
355
355
257
197
294
64
355
355
301
68
258
71
355
263
199
299
196
274
72
268
69
331
200
284
197
271
71
261
68
269
192
312
199
318
76
276
196
270
62
256
74
265
204
355
315
65
355
316
71
310
199
308
190
294
72
258
69
263
202
293
197
286
193
342
64
259
200
355
302
71
263
68
355
273
196
263
199
273
72
273
69
340
200
271
197
268
71
267
192
257
68
355
330
199
265
76
300
74
260
62
283
196
262
204
355
326
65
355
333
71
355
266
199
272
190
264
202
264
69
72
290
197
296
193
355
313
200
279
71
265
64
266
68
355
355
256
76
304
196
262
199
299
192
314
204
261
77
355
298
205
267
76
355
326
204
68
260
62
355
319
196
260
76
355
289
204
271
77
329
190
330
76
262
205
355
296
204
285
69
256
60
355
329
76
308
197
326
188
259
204
287
77
355
289
205
282
76
355
336
204
270
71
283
59
261
62
355
310
76
258
199
355
289
204
298
77
345
187
279
190
274
205
279
76
355
355
284
204
270
72
292
57
355
334
64
355
301
192
277
65
355
298
185
264
193
263
64
300
200
355
301
81
278
72
256
55
272
192
355
327
64
355
274
192
295
65
322
209
283
193
298
64
258
183
295
192
355
286
81
260
200
267
53
259
74
355
307
62
355
288
190
285
64
355
276
192
266
181
259
62
272
209
288
190
355
282
202
262
81
262
76
281
52
355
304
60
355
298
188
280
62
279
204
279
209
319
190
290
60
271
180
274
188
355
319
81
262
77
271
50
355
341
59
355
272
187
296
60
340
188
277
209
274
205
273
59
285
178
187
355
347
81
258
76
269
48
355
355
280
57
355
297
185
266
59
323
176
275
209
336
187
268
57
355
355
299
50
256
59
268
185
355
342
83
355
296
211
292
187
256
84
342
178
315
212
267
86
285
204
355
293
84
256
52
267
59
269
214
306
212
355
83
270
74
276
211
271
202
289
180
326
187
268
81
277
72
286
200
261
209
353
80
264
71
282
199
281
208
355
323
81
266
57
259
72
355
338
64
355
280
192
309
65
355
260
185
260
193
309
64
355
353
55
268
192
285
209
258
200
355
318
64
355
329
192
266
81
280
72
260
65
355
274
193
271
64
291
183
283
192
355
274
53
279
200
313
209
336
62
355
319
74
259
81
256
190
272
64
355
273
192
273
62
264
181
301
190
355
273
52
274
209
355
311
60
299
202
355
276
76
267
188
260
81
271
62
355
278
190
280
60
277
180
294
188
313
209
327
50
287
204
355
289
59
355
355
265
187
280
60
258
77
81
355
324
59
270
188
263
178
272
187
355
332
48
340
205
267
209
329
57
355
355
263
185
282
81
260
59
256
76
355
319
187
269
176
268
57
355
305
209
350
185
275
50
263
59
355
355
275
83
355
335
211
288
84
275
187
355
266
178
289
86
268
212
355
268
204
308
59
257
52
84
270
214
297
212
355
265
83
289
74
257
211
287
202
355
263
81
283
187
295
180
268
209
347
80
273
71
286
199
280
208
355
355
269
81
292
52
256
45
355
355
346
173
266
209
259
84
355
355
355
276
80
308
180
262
212
335
208
289
81
312
209
305
48
305
52
293
57
355
310
83
355
353
180
265
176
263
75
347
185
272
203
260
211
301
76
355
289
204
275
59
263
57
257
50
355
321
77
355
322
76
297
205
281
187
327
204
272
74
265
178
355
299
185
276
72
266
52
258
59
274
202
355
282
71
290
200
309
180
294
187
291
69
263
199
355
296
71
261
197
355
355
269
72
279
199
355
312
69
355
354
63
294
197
355
279
69
284
200
355
290
197
267
71
355
290
191
279
64
355
326
56
277
192
335
199
287
72
351
200
321
71
306
72
259
199
307
74
277
200
306
184
288
57
355
332
51
262
185
355
290
72
313
202
355
272
71
294
200
355
258
179
259
52
355
325
44
296
180
318
172
314
74
275
199
355
334
45
271
72
286
202
355
283
71
268
200
355
319
48
69
257
199
258
173
355
312
76
262
197
355
335
72
257
204
260
50
279
176
355
282
71
257
200
355
315
199
260
69
256
178
266
52
355
306
71
260
197
283
180
280
199
355
355
355
263
72
355
345
69
355
294
200
263
197
297
63
355
305
69
342
197
314
71
355
300
191
296
64
355
297
192
286
56
355
261
199
287
72
301
200
355
280
71
283
199
279
72
292
200
278
74
302
184
301
57
355
291
185
287
51
355
289
202
266
72
355
293
200
275
71
355
308
179
279
52
355
341
44
273
180
322
172
321
199
267
74
355
355
260
202
273
45
267
72
355
325
200
269
71
355
329
173
259
199
262
48
258
69
355
303
197
264
76
274
72
355
290
200
269
176
275
204
280
74
257
50
71
355
301
202
296
199
257
72
269
69
280
200
289
197
355
312
71
266
68
260
52
257
178
355
338
180
262
199
261
196
264
74
292
202
355
355
355
299
72
262
45
267
57
261
52
355
355
355
355
271
84
337
173
355
304
200
296
180
256
80
322
185
327
212
271
208
296
81
288
209
355
313
57
259
48
259
52
355
317
83
355
277
176
299
180
283
76
298
204
296
185
292
211
290
77
280
205
355
305
59
264
57
262
50
355
309
79
355
296
178
301
71
298
187
259
207
281
199
318
72
284
200
322
185
349
59
258
52
355
321
74
355
289
187
290
180
269
69
355
318
68
294
196
311
197
260
202
322
45
292
52
345
57
355
355
333
84
268
173
355
334
180
271
80
273
185
312
212
293
208
309
81
297
209
291
48
322
52
321
57
355
355
294
83
355
355
355
293
180
265
176
280
76
318
185
353
204
280
77
298
211
268
205
336
50
269
57
307
59
355
327
79
355
329
71
297
207
316
187
273
199
271
178
275
72
285
200
296
185
355
268
59
264
52
355
342
74
355
350
69
291
187
282
202
284
180
343
197
261
68
355
355
305
196
276
69
278
45
288
57
355
355
260
71
355
266
197
322
199
264
173
259
72
274
48
355
290
200
265
64
355
313
176
278
50
267
65
258
192
315
185
355
260
71
353
193
346
69
263
59
277
199
355
286
197
256
68
355
343
178
271
196
262
69
280
48
311
187
355
297
64
355
355
331
65
270
50
264
176
192
355
269
197
348
62
329
193
355
281
190
262
52
256
178
262
60
355
353
69
267
188
355
355
275
59
260
40
355
349
197
292
68
257
168
332
187
274
196
290
180
355
355
284
68
304
45
257
57
355
355
355
355
355
355
307
196
257
69
355
355
355
355
342
173
355
324
197
355
286
185
355
355
355
355
355
355
355
355
355
355
355
355
355
355
355
355
355
355
355
355
260
64
269
57
355
355
355
351
185
299
76
355
294
204
331
78
284
192
355
297
206
76
355
355
294
83
295
204
260
56
271
64
355
291
211
295
74
355
273
202
319
76
289
184
355
261
192
272
74
283
204
355
293
202
277
73
265
57
263
64
355
311
76
355
261
201
297
204
263
78
308
192
297
185
309
206
260
76
355
314
204
274
83
273
56
256
64
355
285
211
285
74
354
184
277
202
298
76
273
192
355
277
204
273
74
355
264
202
326
73
264
64
274
57
355
286
81
287
201
301
185
287
192
303
209
265
83
355
308
81
258
211
355
323
73
262
69
258
67
262
209
355
300
81
266
201
355
302
83
271
209
268
197
342
195
287
81
285
211
355
299
209
258
74
270
66
69
355
306
202
264
81
355
270
194
287
209
268
83
355
265
197
292
81
261
211
355
355
209
266
76
276
61
270
64
355
329
204
272
79
355
298
189
302
207
269
81
299
192
355
279
209
268
79
355
355
355
305
78
258
207
301
62
355
355
317
69
355
317
197
295
71
355
290
190
271
199
273
69
355
296
206
347
197
277
60
277
78
294
206
287
76
274
204
278
78
286
206
271
76
337
69
355
303
197
281
71
355
285
199
291
69
272
188
269
197
355
302
74
262
204
271
59
355
307
67
305
202
337
195
278
69
355
275
197
282
67
282
187
257
195
355
287
74
288
202
275
72
256
57
283
200
273
74
297
202
266
72
355
273
66
355
274
194
296
67
355
274
195
279
66
267
185
276
194
355
307
71
279
55
274
200
355
287
64
355
304
192
279
65
355
274
193
269
199
276
64
267
183
275
192
355
338
71
280
199
273
69
258
53
283
197
271
71
301
199
282
69
355
269
62
355
355
268
190
294
64
259
197
355
305
192
301
181
261
62
355
355
355
279
86
265
190
295
52
355
334
83
279
214
355
296
80
295
211
355
278
77
279
208
355
286
205
271
74
288
202
355
277
180
262
71
355
295
199
271
68
355
310
74
303
196
261
202
355
290
74
261
57
276
65
355
355
355
273
193
271
72
257
64
319
202
289
192
266
185
279
200
269
62
259
71
279
190
265
199
355
353
71
265
62
272
45
355
311
190
320
199
355
321
72
273
64
334
173
298
192
313
200
355
355
355
292
84
303
57
355
355
317
212
262
81
355
328
209
256
78
355
302
75
304
206
355
261
203
267
72
284
200
355
276
69
355
295
197
274
66
355
294
194
270
72
290
185
289
200
355
289
72
269
55
258
63
355
355
355
355
303
62
256
70
320
200
311
183
270
191
274
190
276
69
273
198
61
269
197
265
189
355
342
69
268
61
264
43
355
323
197
266
189
355
355
315
70
273
62
355
287
190
268
171
332
198
355
355
355
355
355
324
82
279
55
355
355
355
272
210
268
79
355
313
207
284
76
355
299
204
282
72
280
183
354
200
302
70
355
311
67
284
198
278
195
355
276
64
294
192
355
271
70
299
198
355
355
326
70
72
276
53
271
60
355
355
355
335
198
286
69
355
259
197
323
67
294
195
355
355
282
67
272
41
355
355
355
355
335
200
355
289
69
334
195
355
355
292
181
283
169
269
188
264
197
355
355
284
41
355
355
282
46
298
169
355
298
50
352
174
309
53
265
178
355
313
58
315
181
313
186
270
62
314
190
355
271
64
355
317
79
283
70
281
198
278
207
328
192
335
79
289
65
257
70
355
355
355
266
198
279
207
271
77
266
69
311
197
327
205
277
76
263
67
260
193
275
195
256
204
355
355
263
76
298
53
67
355
293
195
329
204
355
355
290
77
257
69
355
271
181
355
260
205
296
197
355
352
41
355
355
281
46
310
169
355
269
50
344
174
325
53
256
178
355
316
58
312
181
317
186
273
62
309
190
355
268
64
355
312
79
279
70
297
198
278
207
282
192
355
263
79
284
65
257
70
355
347
198
350
207
287
77
259
69
327
197
312
205
265
193
257
76
261
67
285
195
262
204
355
337
76
262
53
284
67
355
299
195
355
329
204
267
181
300
77
277
69
355
278
205
274
197
355
355
277
43
355
335
47
294
171
355
277
50
294
175
355
266
53
284
178
355
285
59
289
181
355
275
62
285
187
289
190
353
65
355
295
74
295
193
355
354
202
297
71
263
65
328
193
355
351
199
315
65
261
74
278
193
259
202
268
72
292
200
261
74
260
64
265
65
279
192
64
262
193
260
72
289
202
355
330
200
267
192
258
62
263
71
278
190
257
199
322
71
271
62
355
355
355
327
199
275
190
264
72
267
64
355
280
192
315
200
355
355
355
265
43
355
355
259
47
287
171
355
292
50
287
175
355
288
178
267
53
355
320
59
265
181
355
310
62
271
187
283
190
355
265
65
355
290
193
260
74
355
355
202
293
65
71
324
193
355
355
265
199
304
74
259
65
281
193
261
202
270
72
277
64
262
200
279
65
258
74
265
192
270
193
259
202
274
64
258
72
355
355
268
192
275
200
265
62
257
71
284
199
264
190
330
71
292
62
355
355
355
297
199
273
190
275
64
257
72
355
278
192
355
355
355
310
43
355
268
81
260
200
336
79
278
209
355
355
315
46
271
171
355
349
49
277
174
355
269
177
292
52
355
285
180
299
55
355
296
183
259
77
278
58
355
207
276
186
277
76
257
205
259
61
355
283
189
277
74
257
64
266
204
355
341
202
256
73
265
192
256
67
328
195
355
273
201
317
76
263
67
277
204
260
195
289
74
274
65
262
76
276
202
74
258
204
276
67
286
195
355
335
193
261
202
265
73
275
64
268
201
283
192
309
64
263
73
355
355
299
192
260
201
354
74
266
65
289
193
355
355
339
43
308
202
268
81
300
79
322
209
355
256
171
256
46
355
310
49
262
174
355
304
177
52
355
295
180
281
55
355
268
183
291
77
270
58
355
269
207
272
186
273
61
76
264
205
355
189
279
64
261
74
275
204
355
345
202
67
73
261
192
314
195
355
281
201
303
76
266
67
272
204
263
195
271
74
289
202
266
76
259
65
273
67
273
74
259
204
288
195
355
313
193
289
202
267
73
260
64
274
201
266
192
339
73
276
64
355
355
274
201
355
355
284
192
273
74
256
65
355
305
193
337
202
355
355
355
355
355
355
331
57
259
62
269
53
355
355
355
321
86
333
181
355
264
190
263
185
324
80
355
271
214
297
208
294
81
305
209
355
276
62
257
53
256
57
355
329
82
355
338
73
269
210
305
181
185
276
190
279
201
303
74
311
202
355
268
62
264
58
274
55
355
305
76
355
308
204
77
310
186
263
183
312
190
281
79
275
205
280
207
355
285
79
269
56
268
62
64
355
303
77
261
207
355
294
205
260
184
262
76
299
192
355
265
74
285
204
292
190
355
264
202
297
57
256
73
269
64
355
355
355
271
86
296
192
277
185
312
201
337
214
274
80
355
283
208
293
81
349
209
323
62
270
53
259
57
355
355
256
82
355
320
210
282
73
271
185
260
190
265
181
355
271
201
264
74
355
317
58
260
62
269
55
355
268
202
303
76
355
290
204
283
77
281
183
266
186
291
190
334
79
259
205
286
207
355
304
79
271
62
258
64
264
56
354
207
305
77
355
293
205
261
184
276
76
343
192
268
190
289
204
274
74
355
355
325
76
262
202
269
57
355
341
185
302
69
299
197
355
284
73
330
201
281
204
300
77
268
74
266
205
273
202
355
273
81
301
209
264
67
265
79
355
353
70
355
328
76
319
204
271
195
305
207
297
77
269
74
297
202
287
198
350
69
351
205
327
76
265
73
355
266
204
266
201
282
77
266
74
321
202
302
205
267
76
265
73
262
197
354
204
296
81
273
201
271
67
270
79
264
209
355
308
70
355
314
76
304
204
305
195
303
74
261
77
256
207
289
198
260
202
355
271
69
355
269
205
297
76
270
73
351
204
264
201
282
77
267
74
338
202
289
205
271
76
277
73
269
197
346
204
292
81
262
201
284
79
260
67
296
209
355
263
70
355
316
76
328
204
323
207
259
77
260
74
280
195
273
202
261
198
355
297
205
278
76
280
69
261
73
355
320
82
258
197
268
201
355
303
73
259
67
328
210
258
195
276
201
305
204
261
81
355
349
65
256
74
346
202
270
193
328
79
272
209
355
331
73
259
64
355
332
77
259
201
267
192
265
207
355
355
297
62
355
355
271
74
355
299
202
282
68
353
190
305
74
339
205
355
269
76
264
202
355
270
196
283
69
355
318
61
267
197
355
204
283
77
350
205
316
76
288
204
269
77
308
79
257
205
320
189
286
62
355
332
56
260
190
355
283
77
340
207
347
76
308
205
355
261
184
257
57
355
341
49
274
185
332
177
316
79
292
204
355
284
50
292
77
291
207
355
269
76
283
205
355
297
74
257
204
262
53
263
178
355
304
202
257
81
355
323
209
260
77
262
55
279
181
355
286
76
259
205
355
326
204
265
183
258
74
260
57
355
305
202
273
76
281
185
270
204
355
355
354
77
355
355
355
355
355
285
74
355
355
271
202
270
68
355
355
320
74
355
289
205
309
202
266
76
355
295
196
288
69
355
305
197
282
61
346
204
302
77
316
205
355
262
76
284
204
275
77
304
205
271
79
321
189
299
62
355
324
190
301
56
355
306
77
256
207
355
331
205
256
76
355
291
184
288
57
355
342
49
274
185
315
177
333
204
272
79
355
316
50
263
207
270
77
355
302
76
278
205
355
307
204
267
74
261
53
265
178
355
280
202
279
81
355
335
209
264
77
259
55
264
181
355
319
205
76
355
314
204
281
74
268
57
315
183
345
202
277
73
265
185
355
355
347
201
272
74
263
57
267
50
260
62
355
355
265
86
321
178
333
202
337
80
300
214
278
185
286
190
328
208
289
81
355
354
57
62
256
53
306
209
355
267
82
345
185
271
181
312
210
273
73
288
190
319
201
313
74
297
202
355
281
64
259
62
260
55
355
316
76
355
320
183
261
204
77
332
192
313
205
271
79
355
269
190
306
207
283
77
265
64
265
57
355
269
205
268
76
355
332
192
257
74
278
204
265
185
355
275
73
260
202
292
201
355
271
50
303
57
300
74
274
62
355
355
269
178
355
285
86
342
190
274
185
340
202
273
214
274
80
355
279
208
305
81
318
53
333
57
276
209
324
62
355
355
293
82
355
319
210
292
185
261
73
263
181
355
287
190
259
201
288
74
355
270
55
290
62
286
202
273
64
355
353
76
355
314
204
280
77
295
183
355
192
258
205
280
79
355
355
261
190
260
77
285
64
258
57
290
207
355
355
268
205
264
76
355
355
287
74
258
204
287
192
292
185
355
282
202
269
73
350
201
355
355
332
74
288
62
260
50
355
355
355
355
304
70
355
257
202
355
335
178
268
55
274
190
355
355
290
69
280
198
355
332
53
277
183
355
328
67
305
197
355
277
181
258
52
355
339
65
272
195
355
312
50
256
180
355
352
64
267
193
355
295
178
298
55
355
355
261
62
269
192
355
307
183
299
57
355
355
313
61
259
190
355
355
313
45
355
355
285
185
355
263
62
287
189
355
355
315
173
306
50
355
313
190
355
355
355
264
178
355
273
82
277
70
355
355
355
274
43
260
55
310
210
274
198
299
183
293
171
355
260
81
269
69
355
355
264
41
53
320
209
269
197
287
181
296
169
331
79
269
67
355
324
52
260
40
286
207
262
195
313
180
340
168
272
77
281
65
355
337
50
256
38
311
205
271
193
332
166
292
178
313
76
296
64
355
355
280
55
288
204
320
192
355
260
183
308
74
274
62
355
355
350
57
355
319
202
355
266
69
257
190
307
197
355
355
355
298
64
266
45
355
324
185
355
355
350
73
268
67
355
292
173
268
201
355
355
355
291
195
355
355
285
192
355
355
355
346
73
280
67
257
64
267
45
258
50
258
38
355
355
355
355
355
355
355
292
192
355
333
201
319
195
355
355
355
355
355
355
355
301
69
258
74
275
65
355
355
355
355
355
355
355
355
355
355
350
202
347
197
353
173
193
294
178
287
166
