[355]
[355]
[355]
[355]
[355]
[355]
[355]
[328]
[366]
[62]
[268]
[366]
[59]
[271]
[364]
[35]
[362]
[54]
[260]
[361]
[42]
[260]
[364]
[50]
[259]
[360]
[47]
[355]
[355]
[319]
[178]
[339]
[182]
[297]
[175]
[355]
[323]
[187]
[355]
[355]
[355]
[320]
[369]
[61]
[261]
[367]
[58]
[328]
[190]
[327]
[365]
[47]
[267]
[365]
[40]
[350]
[368]
[62]
[281]
[365]
[55]
[263]
[367]
[59]
[280]
[186]
[291]
[189]
[351]
[170]
[301]
[163]
[355]
[355]
[336]
[187]
[355]
[355]
[355]
[355]
[355]
[355]
[276]
[365]
[64]
[279]
[362]
[61]
[355]
[345]
[190]
[355]
[299]
[168]
[303]
[175]
[276]
[192]
[266]
[183]
[303]
[189]
[355]
[355]
[355]
[355]
[355]
[355]
[355]
[355]
[355]
[355]
[355]
[355]
[355]
[355]
[355]
[350]
[363]
[47]
[260]
[366]
[62]
[260]
[364]
[35]
[261]
[367]
[59]
[259]
[364]
[42]
[279]
[362]
[54]
[259]
[360]
[50]
[355]
[355]
[326]
[178]
[355]
[261]
[182]
[355]
[280]
[175]
[187]
[355]
[355]
[348]
[368]
[61]
[260]
[366]
[58]
[340]
[190]
[347]
[366]
[40]
[259]
[366]
[47]
[355]
[288]
[367]
[62]
[262]
[365]
[55]
[282]
[366]
[59]
[322]
[186]
[269]
[189]
[290]
[170]
[314]
[163]
[355]
[355]
[261]
[369]
[61]
[261]
[368]
[58]
[281]
[187]
[295]
[190]
[355]
[311]
[368]
[62]
[258]
[186]
[263]
[370]
[59]
[323]
[187]
[262]
[189]
[279]
[190]
[355]
[344]
[367]
[64]
[260]
[365]
[61]
[355]
[355]
[355]
[338]
[168]
[291]
[175]
[314]
[183]
[317]
[189]
[284]
[192]
[355]
[355]
[355]
[355]
[355]
[355]
[355]
[355]
[355]
[355]
[324]
[363]
[47]
[266]
[364]
[35]
[312]
[367]
[62]
[279]
[367]
[59]
[260]
[366]
[54]
[347]
[187]
[355]
[264]
[175]
[326]
[371]
[64]
[262]
[371]
[61]
[267]
[190]
[355]
[333]
[375]
[66]
[274]
[369]
[62]
[256]
[189]
[287]
[192]
[291]
[194]
[258]
[182]
[355]
[300]
[190]
[268]
[371]
[40]
[257]
[371]
[28]
[327]
[372]
[66]
[258]
[374]
[69]
[265]
[163]
[262]
[369]
[59]
[266]
[364]
[55]
[355]
[355]
[355]
[355]
[336]
[156]
[310]
[197]
[309]
[183]
[355]
[355]
[342]
[187]
[355]
[355]
[355]
[355]
[355]
[355]
[355]
[257]
[194]
[308]
[366]
[33]
[260]
[364]
[45]
[321]
[370]
[67]
[260]
[367]
[64]
[257]
[365]
[61]
[280]
[364]
[55]
[263]
[365]
[57]
[355]
[296]
[168]
[355]
[315]
[192]
[262]
[173]
[355]
[355]
[355]
[353]
[195]
[354]
[370]
[69]
[265]
[368]
[66]
[297]
[183]
[282]
[185]
[267]
[194]
[270]
[197]
[355]
[284]
[366]
[26]
[261]
[365]
[38]
[306]
[370]
[67]
[260]
[367]
[64]
[276]
[364]
[57]
[259]
[365]
[55]
[347]
[161]
[257]
[189]
[355]
[314]
[195]
[261]
[192]
[355]
[301]
[183]
[261]
[185]
[355]
[355]
[355]
[355]
[290]
[361]
[62]
[261]
[365]
[66]
[264]
[363]
[57]
[259]
[363]
[54]
[355]
[355]
[355]
[330]
[182]
[279]
[154]
[260]
[185]
[263]
[166]
[283]
[190]
[288]
[194]
[355]
[355]
[355]
[355]
[355]
[355]
[355]
[355]
[309]
[370]
[66]
[272]
[365]
[62]
[355]
[355]
[302]
[190]
[283]
[372]
[64]
[276]
[368]
[61]
[315]
[194]
[354]
[371]
[62]
[258]
[189]
[264]
[370]
[59]
[309]
[192]
[270]
[187]
[267]
[190]
[340]
[368]
[40]
[259]
[369]
[28]
[345]
[374]
[66]
[261]
[366]
[62]
[273]
[368]
[55]
[355]
[355]
[355]
[355]
[355]
[355]
[325]
[370]
[64]
[257]
[190]
[266]
[368]
[61]
[355]
[310]
[194]
[355]
[300]
[156]
[302]
[183]
[271]
[168]
[309]
[189]
[355]
[283]
[192]
[308]
[368]
[41]
[261]
[367]
[29]
[329]
[371]
[64]
[273]
[369]
[61]
[263]
[368]
[56]
[355]
[355]
[290]
[157]
[276]
[169]
[279]
[189]
[355]
[355]
[355]
[339]
[368]
[62]
[267]
[367]
[59]
[305]
[192]
[288]
[187]
[260]
[190]
[276]
[184]
[355]
[355]
[257]
[364]
[44]
[263]
[365]
[32]
[323]
[368]
[61]
[271]
[365]
[49]
[367]
[59]
[266]
[362]
[56]
[355]
[355]
[355]
[352]
[187]
[272]
[172]
[306]
[184]
[317]
[177]
[355]
[355]
[355]
[355]
[355]
[355]
[355]
[355]
[262]
[364]
[58]
[260]
[362]
[54]
[257]
[362]
[42]
[361]
[49]
[274]
[363]
[30]
[355]
[263]
[160]
[285]
[189]
[355]
[355]
[355]
[158]
[305]
[177]
[258]
[186]
[263]
[182]
[258]
[170]
[355]
[355]
[355]
[355]
[355]
[355]
[355]
[355]
[355]
[355]
[355]
[355]
[355]
[355]
[355]
[355]
[355]
[355]
[355]
[355]
[355]
[276]
[363]
[62]
[280]
[365]
[59]
[264]
[361]
[47]
[260]
[358]
[54]
[258]
[362]
[42]
[256]
[362]
[50]
[262]
[362]
[35]
[355]
[355]
[326]
[178]
[327]
[175]
[299]
[182]
[326]
[187]
[355]
[355]
[355]
[318]
[366]
[58]
[258]
[368]
[61]
[312]
[190]
[355]
[266]
[364]
[40]
[260]
[365]
[47]
[355]
[263]
[368]
[62]
[286]
[362]
[55]
[257]
[365]
[59]
[278]
[186]
[321]
[170]
[258]
[189]
[355]
[266]
[163]
[355]
[355]
[264]
[187]
[355]
[355]
[355]
[355]
[355]
[272]
[364]
[64]
[267]
[363]
[61]
[355]
[335]
[190]
[355]
[355]
[305]
[189]
[355]
[283]
[168]
[258]
[192]
[263]
[183]
[265]
[175]
[355]
[355]
[355]
[326]
[368]
[62]
[258]
[367]
[59]
[316]
[187]
[275]
[190]
[355]
[289]
[366]
[42]
[259]
[366]
[35]
[355]
[267]
[369]
[61]
[257]
[368]
[58]
[294]
[366]
[50]
[354]
[186]
[355]
[290]
[371]
[59]
[274]
[368]
[56]
[273]
[189]
[355]
[306]
[178]
[373]
[61]
[264]
[187]
[259]
[371]
[58]
[278]
[184]
[294]
[186]
[302]
[189]
[321]
[368]
[40]
[262]
[367]
[47]
[347]
[368]
[62]
[283]
[170]
[260]
[367]
[59]
[266]
[367]
[55]
[325]
[163]
[355]
[269]
[187]
[355]
[313]
[369]
[61]
[264]
[369]
[58]
[300]
[190]
[288]
[186]
[355]
[262]
[369]
[62]
[279]
[371]
[59]
[283]
[189]
[355]
[355]
[291]
[367]
[64]
[256]
[363]
[61]
[283]
[187]
[292]
[190]
[355]
[355]
[270]
[168]
[279]
[175]
[296]
[183]
[297]
[189]
[260]
[192]
[355]
[355]
[355]
[355]
[355]
[355]
[355]
[355]
[346]
[367]
[35]
[257]
[366]
[47]
[353]
[368]
[62]
[263]
[369]
[59]
[272]
[367]
[54]
[355]
[272]
[187]
[295]
[175]
[355]
[257]
[373]
[64]
[274]
[372]
[61]
[270]
[190]
[355]
[298]
[376]
[66]
[272]
[371]
[62]
[274]
[189]
[256]
[192]
[283]
[182]
[280]
[194]
[355]
[265]
[372]
[28]
[256]
[371]
[40]
[286]
[163]
[302]
[376]
[69]
[256]
[372]
[66]
[264]
[368]
[55]
[259]
[370]
[59]
[355]
[355]
[355]
[355]
[355]
[355]
[355]
[261]
[190]
[317]
[197]
[355]
[355]
[355]
[355]
[265]
[156]
[325]
[374]
[67]
[264]
[370]
[64]
[296]
[194]
[267]
[187]
[336]
[183]
[355]
[267]
[192]
[355]
[325]
[375]
[66]
[261]
[370]
[62]
[287]
[195]
[289]
[190]
[355]
[279]
[374]
[33]
[257]
[373]
[45]
[280]
[168]
[308]
[375]
[67]
[265]
[372]
[64]
[260]
[369]
[61]
[267]
[194]
[258]
[368]
[55]
[366]
[57]
[280]
[189]
[276]
[192]
[315]
[183]
[262]
[185]
[306]
[173]
[303]
[375]
[69]
[263]
[375]
[66]
[278]
[195]
[355]
[297]
[376]
[71]
[261]
[375]
[67]
[279]
[194]
[267]
[197]
[294]
[195]
[290]
[199]
[355]
[272]
[373]
[42]
[258]
[372]
[30]
[314]
[161]
[269]
[376]
[71]
[259]
[373]
[67]
[269]
[367]
[62]
[256]
[370]
[57]
[355]
[355]
[355]
[355]
[282]
[199]
[355]
[355]
[355]
[320]
[374]
[69]
[269]
[370]
[66]
[333]
[195]
[355]
[355]
[355]
[281]
[158]
[340]
[185]
[355]
[275]
[190]
[355]
[286]
[194]
[355]
[318]
[375]
[67]
[278]
[374]
[64]
[271]
[197]
[291]
[192]
[355]
[272]
[374]
[47]
[258]
[374]
[35]
[273]
[170]
[335]
[377]
[69]
[259]
[373]
[66]
[259]
[371]
[63]
[262]
[370]
[57]
[370]
[59]
[263]
[195]
[294]
[191]
[271]
[194]
[271]
[185]
[264]
[187]
[271]
[175]
[341]
[197]
[274]
[375]
[71]
[263]
[375]
[67]
[355]
[315]
[378]
[72]
[260]
[377]
[69]
[276]
[195]
[261]
[199]
[313]
[197]
[284]
[200]
[337]
[377]
[28]
[257]
[376]
[40]
[283]
[163]
[303]
[373]
[69]
[257]
[377]
[72]
[258]
[372]
[64]
[264]
[374]
[59]
[355]
[355]
[270]
[187]
[266]
[156]
[304]
[200]
[258]
[197]
[355]
[332]
[376]
[71]
[262]
[374]
[67]
[282]
[192]
[326]
[199]
[331]
[195]
[267]
[370]
[55]
[272]
[376]
[33]
[256]
[374]
[45]
[293]
[371]
[61]
[260]
[168]
[263]
[183]
[289]
[374]
[67]
[293]
[376]
[71]
[355]
[263]
[195]
[280]
[173]
[272]
[199]
[321]
[161]
[297]
[377]
[69]
[257]
[375]
[66]
[280]
[189]
[344]
[194]
[306]
[376]
[67]
[258]
[377]
[64]
[278]
[197]
[291]
[192]
[300]
[195]
[319]
[375]
[26]
[256]
[373]
[38]
[314]
[375]
[67]
[377]
[71]
[266]
[371]
[57]
[370]
[62]
[355]
[347]
[195]
[259]
[154]
[302]
[199]
[355]
[336]
[377]
[69]
[262]
[376]
[66]
[271]
[185]
[267]
[190]
[288]
[197]
[351]
[194]
[272]
[369]
[54]
[295]
[375]
[31]
[376]
[43]
[284]
[182]
[373]
[59]
[265]
[166]
[291]
[372]
[66]
[302]
[376]
[69]
[355]
[262]
[194]
[277]
[197]
[329]
[171]
[275]
[159]
[276]
[187]
[260]
[376]
[67]
[257]
[374]
[64]
[355]
[339]
[373]
[62]
[258]
[375]
[66]
[280]
[195]
[259]
[192]
[289]
[190]
[295]
[194]
[351]
[374]
[25]
[375]
[37]
[324]
[373]
[66]
[263]
[376]
[69]
[257]
[372]
[59]
[264]
[371]
[55]
[355]
[355]
[268]
[197]
[273]
[187]
[270]
[194]
[355]
[355]
[374]
[64]
[376]
[67]
[258]
[374]
[58]
[302]
[153]
[291]
[165]
[262]
[183]
[279]
[195]
[263]
[186]
[256]
[192]
[355]
[317]
[367]
[62]
[256]
[376]
[66]
[261]
[371]
[38]
[258]
[372]
[26]
[370]
[59]
[258]
[371]
[54]
[355]
[277]
[190]
[274]
[154]
[267]
[182]
[259]
[194]
[272]
[166]
[355]
[295]
[374]
[64]
[258]
[371]
[61]
[269]
[370]
[55]
[257]
[370]
[40]
[258]
[371]
[28]
[273]
[187]
[351]
[192]
[265]
[156]
[257]
[189]
[261]
[183]
[264]
[168]
[355]
[355]
[314]
[367]
[62]
[269]
[366]
[56]
[256]
[367]
[59]
[261]
[366]
[29]
[367]
[41]
[355]
[355]
[355]
[355]
[259]
[157]
[268]
[187]
[290]
[190]
[284]
[169]
[290]
[184]
[355]
[355]
[355]
[355]
[275]
[368]
[61]
[267]
[366]
[32]
[257]
[363]
[53]
[256]
[365]
[44]
[269]
[364]
[49]
[343]
[181]
[305]
[172]
[177]
[311]
[189]
[355]
[322]
[367]
[58]
[274]
[160]
[264]
[364]
[52]
[256]
[366]
[30]
[257]
[363]
[49]
[264]
[362]
[42]
[355]
[355]
[336]
[170]
[317]
[180]
[259]
[186]
[319]
[177]
[354]
[158]
[355]
[355]
[355]
[355]
[355]
[355]
[355]
[339]
[367]
[59]
[270]
[363]
[35]
[269]
[363]
[50]
[261]
[361]
[42]
[355]
[355]
[313]
[178]
[273]
[187]
[170]
[261]
[163]
[355]
[355]
[355]
[355]
[355]
[355]
[355]
[355]
[355]
[355]
[355]
[355]
[355]
[355]
[355]
[355]
[355]
[355]
[355]
[355]
[355]
[355]
[355]
[355]
[355]
[355]
[264]
[366]
[61]
[286]
[365]
[58]
[261]
[363]
[42]
[259]
[362]
[49]
[258]
[364]
[30]
[355]
[355]
[355]
[355]
[355]
[293]
[186]
[355]
[355]
[338]
[368]
[59]
[268]
[365]
[56]
[290]
[189]
[324]
[177]
[316]
[366]
[35]
[354]
[369]
[61]
[280]
[362]
[50]
[268]
[367]
[58]
[288]
[187]
[292]
[184]
[316]
[158]
[355]
[355]
[355]
[345]
[186]
[355]
[355]
[352]
[363]
[62]
[269]
[363]
[59]
[355]
[308]
[189]
[355]
[355]
[349]
[190]
[273]
[170]
[296]
[187]
[269]
[163]
[355]
[261]
[178]
[355]
[355]
[355]
[339]
[368]
[61]
[276]
[367]
[58]
[355]
[186]
[270]
[189]
[355]
[262]
[365]
[42]
[262]
[366]
[30]
[355]
[260]
[369]
[59]
[276]
[366]
[56]
[274]
[364]
[49]
[355]
[355]
[287]
[184]
[256]
[371]
[58]
[266]
[369]
[54]
[279]
[187]
[355]
[298]
[372]
[59]
[256]
[371]
[56]
[269]
[182]
[256]
[177]
[186]
[315]
[184]
[355]
[287]
[367]
[35]
[355]
[257]
[370]
[61]
[278]
[367]
[58]
[256]
[364]
[50]
[335]
[187]
[355]
[256]
[158]
[355]
[355]
[355]
[355]
[355]
[355]
[277]
[363]
[62]
[285]
[362]
[59]
[355]
[285]
[189]
[314]
[186]
[355]
[335]
[178]
[321]
[190]
[262]
[170]
[289]
[163]
[287]
[187]
[355]
[355]
[355]
[355]
[355]
[355]
[355]
[355]
[355]
[355]
[332]
[363]
[40]
[316]
[364]
[59]
[273]
[359]
[56]
[263]
[360]
[52]
[355]
[355]
[355]
[355]
[274]
[184]
[355]
[355]
[355]
[260]
[365]
[61]
[258]
[362]
[57]
[343]
[187]
[355]
[304]
[362]
[45]
[259]
[366]
[33]
[355]
[291]
[364]
[62]
[287]
[363]
[59]
[311]
[168]
[260]
[185]
[262]
[189]
[355]
[355]
[325]
[367]
[61]
[276]
[367]
[57]
[274]
[190]
[289]
[187]
[355]
[266]
[189]
[270]
[366]
[62]
[271]
[185]
[368]
[59]
[307]
[187]
[273]
[190]
[355]
[291]
[370]
[64]
[284]
[366]
[61]
[318]
[189]
[320]
[192]
[257]
[173]
[277]
[180]
[355]
[293]
[367]
[62]
[267]
[366]
[59]
[262]
[365]
[53]
[258]
[366]
[38]
[267]
[363]
[45]
[336]
[181]
[257]
[161]
[267]
[187]
[270]
[173]
[320]
[166]
[355]
[355]
[342]
[365]
[61]
[273]
[359]
[52]
[261]
[359]
[45]
[262]
[364]
[33]
[273]
[357]
[57]
[321]
[190]
[355]
[324]
[180]
[314]
[185]
[269]
[161]
[257]
[189]
[300]
[173]
[355]
[355]
[355]
[280]
[368]
[62]
[276]
[366]
[59]
[355]
[355]
[355]
[333]
[187]
[355]
[355]
[355]
[281]
[373]
[64]
[277]
[369]
[61]
[272]
[190]
[355]
[289]
[189]
[294]
[192]
[282]
[365]
[45]
[256]
[367]
[38]
[329]
[373]
[64]
[262]
[369]
[61]
[276]
[365]
[53]
[355]
[355]
[355]
[355]
[355]
[355]
[355]
[355]
[368]
[65]
[280]
[365]
[62]
[355]
[304]
[192]
[267]
[189]
[355]
[355]
[355]
[355]
[291]
[173]
[355]
[278]
[193]
[259]
[190]
[355]
[355]
[271]
[371]
[64]
[275]
[368]
[61]
[310]
[189]
[297]
[192]
[276]
[181]
[303]
[367]
[45]
[260]
[369]
[33]
[355]
[265]
[368]
[62]
[261]
[369]
[59]
[274]
[166]
[277]
[363]
[52]
[355]
[355]
[275]
[371]
[61]
[263]
[369]
[57]
[263]
[187]
[280]
[190]
[279]
[161]
[355]
[260]
[371]
[62]
[264]
[185]
[371]
[59]
[268]
[173]
[256]
[180]
[189]
[298]
[187]
[294]
[190]
[353]
[365]
[45]
[265]
[366]
[38]
[266]
[371]
[62]
[260]
[368]
[59]
[270]
[365]
[53]
[355]
[355]
[355]
[355]
[355]
[346]
[366]
[61]
[261]
[370]
[64]
[355]
[274]
[190]
[299]
[187]
[355]
[355]
[355]
[355]
[310]
[189]
[342]
[173]
[355]
[327]
[369]
[62]
[266]
[365]
[59]
[292]
[187]
[270]
[181]
[290]
[192]
[326]
[369]
[45]
[261]
[371]
[33]
[347]
[369]
[57]
[256]
[372]
[61]
[258]
[166]
[274]
[367]
[52]
[261]
[190]
[320]
[185]
[323]
[180]
[290]
[173]
[277]
[371]
[62]
[273]
[372]
[59]
[259]
[189]
[355]
[292]
[190]
[373]
[61]
[260]
[375]
[64]
[267]
[187]
[292]
[189]
[355]
[299]
[372]
[42]
[261]
[371]
[30]
[313]
[161]
[266]
[375]
[66]
[263]
[373]
[63]
[267]
[369]
[57]
[264]
[192]
[355]
[355]
[280]
[185]
[258]
[158]
[268]
[170]
[355]
[355]
[355]
[355]
[355]
[304]
[372]
[44]
[260]
[371]
[32]
[280]
[372]
[56]
[306]
[191]
[355]
[355]
[257]
[370]
[60]
[261]
[373]
[63]
[284]
[160]
[295]
[194]
[259]
[188]
[355]
[275]
[374]
[61]
[256]
[375]
[64]
[256]
[172]
[272]
[191]
[355]
[349]
[371]
[34]
[257]
[372]
[46]
[333]
[374]
[66]
[263]
[373]
[63]
[279]
[189]
[258]
[192]
[355]
[350]
[374]
[64]
[261]
[372]
[61]
[269]
[191]
[261]
[174]
[264]
[194]
[355]
[272]
[374]
[66]
[272]
[374]
[63]
[262]
[192]
[272]
[189]
[274]
[194]
[283]
[191]
[355]
[259]
[371]
[48]
[272]
[373]
[68]
[272]
[369]
[64]
[355]
[318]
[192]
[299]
[184]
[355]
[260]
[372]
[66]
[270]
[369]
[63]
[268]
[366]
[57]
[288]
[162]
[196]
[261]
[176]
[308]
[185]
[269]
[191]
[355]
[355]
[343]
[368]
[64]
[263]
[366]
[61]
[261]
[366]
[37]
[256]
[364]
[49]
[263]
[362]
[56]
[327]
[194]
[355]
[355]
[265]
[165]
[284]
[184]
[256]
[189]
[270]
[192]
[284]
[177]
[355]
[355]
[343]
[375]
[66]
[266]
[372]
[63]
[355]
[355]
[355]
[355]
[268]
[191]
[355]
[355]
[273]
[375]
[68]
[274]
[194]
[258]
[371]
[64]
[355]
[334]
[196]
[289]
[368]
[42]
[260]
[367]
[49]
[319]
[192]
[261]
[376]
[68]
[261]
[369]
[64]
[269]
[371]
[57]
[355]
[355]
[355]
[355]
[355]
[355]
[355]
[355]
[320]
[374]
[69]
[270]
[370]
[66]
[332]
[196]
[334]
[192]
[355]
[355]
[355]
[355]
[330]
[197]
[315]
[177]
[272]
[194]
[355]
[355]
[322]
[372]
[68]
[268]
[367]
[64]
[319]
[192]
[324]
[196]
[256]
[185]
[336]
[366]
[47]
[256]
[366]
[35]
[342]
[170]
[278]
[372]
[66]
[285]
[367]
[63]
[268]
[366]
[57]
[355]
[355]
[272]
[191]
[268]
[372]
[64]
[267]
[370]
[61]
[267]
[163]
[260]
[194]
[355]
[291]
[185]
[264]
[192]
[261]
[373]
[66]
[262]
[373]
[63]
[261]
[175]
[261]
[189]
[295]
[191]
[290]
[194]
[355]
[283]
[371]
[66]
[260]
[367]
[63]
[267]
[366]
[40]
[258]
[365]
[47]
[267]
[366]
[56]
[355]
[355]
[355]
[355]
[355]
[355]
[267]
[367]
[68]
[271]
[365]
[64]
[355]
[278]
[194]
[191]
[355]
[355]
[310]
[192]
[327]
[184]
[262]
[175]
[275]
[168]
[319]
[196]
[355]
[355]
[326]
[374]
[68]
[264]
[374]
[64]
[355]
[355]
[306]
[373]
[37]
[256]
[372]
[49]
[328]
[375]
[69]
[268]
[373]
[66]
[259]
[372]
[59]
[265]
[196]
[259]
[192]
[355]
[299]
[194]
[300]
[165]
[262]
[375]
[68]
[262]
[374]
[65]
[282]
[197]
[355]
[262]
[375]
[69]
[258]
[375]
[66]
[273]
[187]
[266]
[193]
[256]
[196]
[281]
[197]
[266]
[194]
[304]
[374]
[42]
[315]
[376]
[71]
[259]
[375]
[57]
[263]
[372]
[68]
[350]
[185]
[355]
[256]
[199]
[196]
[257]
[374]
[69]
[258]
[375]
[66]
[355]
[270]
[197]
[263]
[374]
[71]
[276]
[374]
[68]
[276]
[194]
[269]
[199]
[293]
[196]
[342]
[375]
[73]
[259]
[374]
[51]
[256]
[372]
[69]
[294]
[177]
[306]
[197]
[303]
[201]
[355]
[311]
[179]
[291]
[373]
[71]
[261]
[371]
[68]
[267]
[368]
[61]
[266]
[366]
[53]
[259]
[366]
[59]
[355]
[286]
[196]
[266]
[199]
[189]
[261]
[181]
[298]
[187]
[355]
[355]
[300]
[370]
[69]
[268]
[365]
[66]
[268]
[361]
[61]
[260]
[365]
[54]
[355]
[355]
[267]
[189]
[257]
[194]
[274]
[197]
[292]
[170]
[332]
[182]
[355]
[355]
[275]
[378]
[71]
[261]
[376]
[68]
[355]
[355]
[355]
[296]
[196]
[355]
[355]
[316]
[199]
[378]
[73]
[261]
[377]
[69]
[355]
[329]
[201]
[270]
[197]
[289]
[373]
[47]
[258]
[374]
[54]
[307]
[379]
[73]
[267]
[374]
[62]
[257]
[375]
[69]
[355]
[355]
[355]
[355]
[355]
[355]
[355]
[300]
[379]
[74]
[259]
[374]
[71]
[305]
[201]
[320]
[197]
[355]
[355]
[355]
[355]
[279]
[182]
[283]
[202]
[272]
[199]
[355]
[355]
[355]
[259]
[376]
[73]
[257]
[371]
[69]
[343]
[197]
[315]
[201]
[295]
[190]
[306]
[372]
[40]
[256]
[371]
[52]
[344]
[374]
[71]
[258]
[373]
[68]
[271]
[368]
[62]
[355]
[306]
[175]
[306]
[196]
[260]
[374]
[69]
[259]
[374]
[66]
[265]
[168]
[273]
[199]
[355]
[272]
[197]
[259]
[375]
[71]
[258]
[374]
[68]
[261]
[190]
[273]
[194]
[265]
[180]
[273]
[196]
[288]
[199]
[355]
[270]
[370]
[45]
[370]
[52]
[257]
[374]
[71]
[276]
[372]
[68]
[259]
[371]
[61]
[355]
[355]
[355]
[355]
[355]
[355]
[350]
[373]
[73]
[261]
[370]
[69]
[336]
[199]
[287]
[196]
[355]
[355]
[308]
[375]
[71]
[270]
[197]
[373]
[68]
[292]
[201]
[355]
[355]
[279]
[375]
[73]
[260]
[373]
[69]
[268]
[196]
[261]
[199]
[355]
[335]
[197]
[260]
[201]
[260]
[374]
[71]
[260]
[374]
[68]
[286]
[180]
[355]
[258]
[374]
[69]
[261]
[199]
[376]
[73]
[278]
[196]
[257]
[189]
[264]
[197]
[286]
[201]
[339]
[375]
[54]
[257]
[375]
[42]
[268]
[173]
[301]
[373]
[71]
[258]
[377]
[74]
[263]
[375]
[64]
[355]
[349]
[202]
[256]
[376]
[73]
[262]
[199]
[375]
[70]
[346]
[192]
[301]
[375]
[74]
[256]
[201]
[373]
[71]
[291]
[198]
[277]
[202]
[268]
[199]
[327]
[375]
[47]
[271]
[378]
[76]
[260]
[374]
[62]
[262]
[373]
[73]
[261]
[170]
[339]
[190]
[306]
[201]
[283]
[204]
[257]
[375]
[74]
[258]
[376]
[71]
[347]
[202]
[276]
[182]
[267]
[375]
[76]
[264]
[377]
[73]
[264]
[199]
[271]
[204]
[285]
[201]
[330]
[378]
[78]
[257]
[377]
[56]
[377]
[74]
[328]
[202]
[291]
[206]
[283]
[184]
[355]
[303]
[373]
[73]
[260]
[379]
[76]
[259]
[376]
[66]
[257]
[377]
[64]
[257]
[378]
[58]
[355]
[265]
[201]
[259]
[204]
[273]
[194]
[268]
[186]
[301]
[192]
[355]
[353]
[377]
[59]
[256]
[372]
[71]
[379]
[74]
[258]
[375]
[66]
[257]
[375]
[62]
[355]
[282]
[187]
[269]
[190]
[271]
[202]
[276]
[175]
[268]
[199]
[261]
[194]
[355]
[355]
[334]
[380]
[35]
[355]
[298]
[163]
[264]
[375]
[47]
[286]
[175]
[355]
[278]
[370]
[54]
[337]
[376]
[57]
[338]
[377]
[62]
[355]
[379]
[76]
[259]
[381]
[68]
[256]
[381]
[80]
[316]
[362]
[78]
[303]
[206]
[355]
[355]
[355]
[349]
[204]
[266]
[208]
[355]
[262]
[196]
[355]
[333]
[379]
[78]
[257]
[379]
[66]
[256]
[377]
[74]
[355]
[273]
[202]
[280]
[206]
[355]
[282]
[377]
[76]
[259]
[376]
[73]
[277]
[194]
[327]
[201]
[325]
[377]
[74]
[256]
[377]
[71]
[285]
[204]
[274]
[190]
[290]
[185]
[291]
[378]
[73]
[258]
[199]
[261]
[182]
[202]
[257]
[376]
[69]
[298]
[201]
[317]
[376]
[71]
[261]
[197]
[378]
[68]
[317]
[196]
[271]
[199]
[344]
[374]
[42]
[259]
[374]
[49]
[325]
[376]
[69]
[258]
[374]
[66]
[256]
[374]
[61]
[257]
[374]
[57]
[355]
[355]
[297]
[185]
[311]
[170]
[177]
[273]
[197]
[274]
[189]
[303]
[194]
[355]
[355]
[355]
[355]
[355]
[332]
[371]
[47]
[258]
[373]
[54]
[320]
[371]
[73]
[256]
[377]
[76]
[260]
[373]
[66]
[259]
[372]
[62]
[355]
[355]
[317]
[204]
[274]
[201]
[355]
[355]
[286]
[377]
[74]
[259]
[374]
[71]
[337]
[199]
[264]
[202]
[355]
[325]
[377]
[73]
[264]
[372]
[69]
[353]
[197]
[268]
[201]
[355]
[278]
[374]
[71]
[264]
[374]
[68]
[290]
[194]
[261]
[190]
[270]
[175]
[261]
[182]
[289]
[196]
[338]
[375]
[69]
[263]
[372]
[66]
[278]
[199]
[321]
[194]
[355]
[304]
[197]
[287]
[367]
[42]
[264]
[366]
[49]
[343]
[371]
[69]
[270]
[368]
[66]
[258]
[365]
[61]
[263]
[367]
[57]
[355]
[355]
[355]
[355]
[293]
[170]
[270]
[185]
[312]
[177]
[330]
[197]
[294]
[189]
[355]
[301]
[194]
[355]
[355]
[355]
[355]
[355]
[355]
[299]
[365]
[47]
[258]
[365]
[54]
[297]
[371]
[73]
[268]
[367]
[69]
[267]
[363]
[62]
[355]
[355]
[343]
[197]
[355]
[265]
[368]
[68]
[256]
[371]
[71]
[323]
[196]
[339]
[201]
[259]
[175]
[327]
[372]
[69]
[268]
[369]
[66]
[257]
[199]
[266]
[190]
[330]
[197]
[320]
[194]
[355]
[355]
[264]
[362]
[49]
[265]
[369]
[69]
[274]
[364]
[57]
[267]
[365]
[61]
[256]
[365]
[66]
[355]
[273]
[182]
[355]
[283]
[185]
[267]
[197]
[317]
[194]
[266]
[177]
[284]
[189]
[355]
[355]
[355]
[355]
[355]
[355]
[355]
[355]
[355]
[355]
[280]
[365]
[68]
[275]
[361]
[49]
[363]
[65]
[261]
[363]
[37]
[256]
[360]
[61]
[260]
[361]
[56]
[355]
[355]
[281]
[184]
[274]
[196]
[257]
[177]
[263]
[193]
[259]
[189]
[268]
[165]
[355]
[355]
[355]
[355]
[355]
[355]
[355]
[355]
[355]
[355]
[355]
[355]
[355]
[355]
[355]
[355]
[355]
[355]
[355]
[355]
[355]
[355]
[355]
[355]
[355]
[355]
[355]
[355]
[355]
[355]
[316]
[372]
[61]
[355]
[355]
[355]
[355]
[355]
[355]
[355]
[355]
[332]
[374]
[59]
[296]
[189]
[355]
[307]
[375]
[61]
[338]
[187]
[355]
[355]
[355]
[355]
[355]
[355]
[355]
[268]
[371]
[62]
[340]
[189]
[355]
[355]
[355]
[355]
[355]
[355]
[355]
[355]
[355]
[355]
[351]
[364]
[64]
[266]
[366]
[67]
[264]
[363]
[55]
[267]
[362]
[47]
[257]
[364]
[40]
[355]
[355]
[355]
[355]
[355]
[355]
[355]
[355]
[355]
[355]
[355]
[355]
[355]
[273]
[369]
[61]
[355]
[355]
[355]
[327]
[189]
[355]
[355]
[355]
[319]
[370]
[59]
[355]
[320]
[187]
[355]
[355]
[257]
[369]
[61]
[355]
[280]
[189]
[355]
[309]
[372]
[59]
[334]
[187]
[355]
[298]
[372]
[61]
[293]
[190]
[355]
[355]
[302]
[366]
[62]
[338]
[189]
[355]
[355]
[355]
[294]
[192]
[263]
[175]
[288]
[183]
[276]
[168]
[263]
[195]
[355]
[355]
[355]
[355]
[355]
[333]
[363]
[67]
[270]
[364]
[64]
[258]
[361]
[47]
[270]
[363]
[40]
[259]
[361]
[55]
[355]
[355]
[355]
[355]
[355]
[355]
[355]
[355]
[355]
[355]
[355]
[355]
[355]
[355]
[355]
[268]
[361]
[61]
[355]
[355]
[355]
[336]
[189]
[355]
[355]
[355]
[355]
[298]
[363]
[59]
[355]
[262]
[187]
[355]
[355]
[318]
[364]
[61]
[355]
[280]
[190]
[355]
[355]
[355]
[355]
[355]
[355]
[355]
[355]
[355]
[355]
[355]
[355]
[355]
[271]
[365]
[62]
[355]
[355]
[350]
[189]
[269]
[192]
[313]
[195]
[282]
[183]
[355]
[355]
[274]
[175]
[261]
[168]
[355]
[355]
[355]
[355]
[355]
[355]
[355]
[355]
[355]
[355]
[355]
[355]
[355]
[355]
[355]
[355]
[312]
[364]
[61]
[355]
[355]
[334]
[190]
[355]
[355]
[355]
[355]
[355]
[355]
[355]
[355]
[355]
[303]
[189]
[355]
[355]
[355]
[355]
[355]
[355]
[355]
[355]
[355]
[355]
[355]
[355]
[355]
[355]
[355]
[355]
[355]
[355]
[355]
[355]
[355]
[300]
[365]
[59]
[263]
[363]
[50]
[265]
[364]
[35]
[257]
[362]
[54]
[264]
[361]
[47]
[355]
[271]
[175]
[274]
[163]
[355]
[355]
[355]
[355]
[267]
[178]
[355]
[261]
[364]
[42]
[256]
[363]
[30]
[336]
[170]
[276]
[158]
[345]
[369]
[58]
[276]
[360]
[49]
[270]
[187]
[271]
[182]
[310]
[177]
[355]
[268]
[365]
[43]
[260]
[368]
[59]
[256]
[364]
[31]
[281]
[363]
[50]
[256]
[186]
[363]
[55]
[317]
[171]
[259]
[159]
[355]
[355]
[355]
[299]
[366]
[30]
[270]
[364]
[42]
[301]
[178]
[264]
[170]
[266]
[158]
[355]
[355]
[355]
[296]
[363]
[61]
[260]
[363]
[52]
[263]
[364]
[31]
[262]
[363]
[43]
[311]
[171]
[258]
[187]
[277]
[159]
[355]
[355]
[355]
[287]
[365]
[28]
[269]
[359]
[40]
[305]
[168]
[261]
[156]
[355]
[355]
[355]
[342]
[368]
[31]
[367]
[43]
[316]
[171]
[274]
[159]
[355]
[355]
[355]
[355]
[272]
[364]
[35]
[264]
[364]
[23]
[332]
[163]
[263]
[151]
[274]
[183]
[267]
[189]
[355]
[268]
[180]
[355]
[355]
[355]
[259]
[365]
[59]
[273]
[363]
[54]
[258]
[362]
[50]
[262]
[363]
[35]
[262]
[363]
[47]
[355]
[297]
[175]
[288]
[163]
[355]
[303]
[178]
[355]
[355]
[268]
[365]
[30]
[262]
[365]
[42]
[334]
[170]
[282]
[158]
[323]
[363]
[49]
[261]
[369]
[58]
[289]
[187]
[330]
[177]
[267]
[182]
[355]
[257]
[364]
[43]
[261]
[364]
[31]
[337]
[369]
[59]
[271]
[365]
[55]
[258]
[363]
[50]
[286]
[186]
[299]
[171]
[259]
[178]
[266]
[159]
[355]
[355]
[370]
[58]
[271]
[363]
[49]
[279]
[187]
[330]
[367]
[30]
[260]
[177]
[258]
[366]
[42]
[339]
[170]
[256]
[186]
[258]
[158]
[260]
[371]
[59]
[272]
[369]
[50]
[308]
[178]
[355]
[355]
[256]
[367]
[61]
[274]
[361]
[52]
[260]
[365]
[31]
[258]
[364]
[43]
[314]
[187]
[267]
[171]
[287]
[159]
[355]
[355]
[334]
[367]
[28]
[261]
[365]
[40]
[309]
[168]
[258]
[156]
[355]
[355]
[355]
[355]
[281]
[367]
[31]
[260]
[366]
[43]
[308]
[171]
[285]
[159]
[355]
[355]
[355]
[355]
[276]
[364]
[35]
[269]
[366]
[23]
[328]
[183]
[262]
[163]
[258]
[151]
[274]
[180]
[259]
[189]
[355]
[355]
[355]
[355]
[308]
[366]
[59]
[259]
[362]
[35]
[363]
[54]
[262]
[362]
[47]
[263]
[362]
[50]
[355]
[259]
[175]
[280]
[178]
[289]
[163]
[355]
[288]
[370]
[61]
[272]
[364]
[52]
[304]
[182]
[269]
[187]
[323]
[368]
[26]
[262]
[366]
[38]
[302]
[154]
[259]
[166]
[275]
[370]
[62]
[262]
[180]
[272]
[367]
[54]
[264]
[189]
[290]
[182]
[281]
[190]
[355]
[324]
[367]
[28]
[259]
[365]
[40]
[313]
[363]
[62]
[256]
[373]
[66]
[282]
[365]
[59]
[267]
[367]
[57]
[281]
[156]
[279]
[168]
[355]
[355]
[355]
[312]
[367]
[30]
[272]
[365]
[42]
[319]
[170]
[260]
[158]
[355]
[355]
[355]
[315]
[365]
[31]
[268]
[362]
[43]
[326]
[171]
[263]
[159]
[355]
[355]
[355]
[306]
[367]
[33]
[365]
[45]
[332]
[173]
[256]
[161]
[355]
[306]
[187]
[335]
[185]
[355]
[355]
[265]
[364]
[47]
[257]
[364]
[35]
[318]
[369]
[64]
[260]
[366]
[61]
[265]
[366]
[55]
[335]
[175]
[280]
[190]
[258]
[163]
[275]
[194]
[355]
[355]
[355]
[355]
[281]
[183]
[365]
[33]
[259]
[364]
[45]
[298]
[173]
[299]
[161]
[344]
[370]
[66]
[263]
[367]
[57]
[265]
[192]
[322]
[189]
[265]
[194]
[256]
[185]
[355]
[288]
[365]
[35]
[257]
[366]
[23]
[271]
[371]
[64]
[264]
[364]
[61]
[271]
[366]
[55]
[331]
[151]
[261]
[163]
[355]
[355]
[355]
[289]
[366]
[25]
[270]
[364]
[37]
[319]
[183]
[261]
[165]
[262]
[153]
[355]
[355]
[355]
[332]
[364]
[62]
[261]
[364]
[54]
[270]
[364]
[26]
[264]
[359]
[57]
[264]
[358]
[38]
[345]
[154]
[265]
[166]
[262]
[189]
[272]
[192]
[355]
[355]
[351]
[366]
[28]
[257]
[363]
[40]
[328]
[156]
[168]
[355]
[355]
[355]
[329]
[365]
[30]
[267]
[363]
[42]
[341]
[158]
[262]
[170]
[355]
[355]
[355]
[315]
[185]
[263]
[364]
[31]
[259]
[364]
[43]
[336]
[159]
[171]
[321]
[182]
[287]
[190]
[355]
[355]
[355]
[262]
[363]
[45]
[256]
[365]
[33]
[325]
[364]
[62]
[275]
[364]
[54]
[355]
[264]
[173]
[274]
[161]
[355]
[332]
[369]
[61]
[271]
[367]
[52]
[318]
[180]
[295]
[366]
[43]
[260]
[182]
[257]
[365]
[31]
[286]
[190]
[270]
[171]
[274]
[159]
[295]
[371]
[59]
[276]
[367]
[50]
[283]
[189]
[284]
[178]
[355]
[355]
[366]
[28]
[366]
[40]
[337]
[361]
[55]
[266]
[368]
[62]
[278]
[366]
[54]
[320]
[168]
[260]
[156]
[283]
[187]
[355]
[355]
[355]
[355]
[300]
[366]
[30]
[263]
[365]
[42]
[341]
[158]
[267]
[170]
[274]
[182]
[355]
[355]
[339]
[368]
[61]
[272]
[364]
[52]
[266]
[363]
[31]
[258]
[361]
[43]
[343]
[190]
[280]
[171]
[264]
[159]
[355]
[355]
[335]
[367]
[30]
[263]
[365]
[42]
[309]
[170]
[257]
[158]
[355]
[323]
[183]
[315]
[180]
[288]
[189]
[355]
[306]
[365]
[61]
[273]
[364]
[31]
[262]
[362]
[43]
[273]
[363]
[52]
[256]
[362]
[55]
[348]
[171]
[285]
[159]
[355]
[355]
[355]
[269]
[365]
[40]
[256]
[365]
[28]
[321]
[168]
[259]
[156]
[355]
[355]
[355]
[354]
[366]
[30]
[262]
[365]
[42]
[321]
[158]
[257]
[170]
[355]
[312]
[183]
[280]
[180]
[355]
[355]
[317]
[366]
[59]
[274]
[363]
[54]
[257]
[364]
[33]
[361]
[45]
[257]
[358]
[50]
[342]
[189]
[303]
[173]
[274]
[161]
[327]
[178]
[344]
[182]
[330]
[187]
[355]
[308]
[366]
[59]
[282]
[364]
[52]
[264]
[363]
[31]
[362]
[49]
[269]
[361]
[43]
[355]
[277]
[171]
[290]
[159]
[355]
[355]
[355]
[304]
[365]
[25]
[272]
[363]
[37]
[346]
[165]
[261]
[153]
[355]
[321]
[177]
[343]
[187]
[355]
[355]
[261]
[364]
[30]
[261]
[362]
[49]
[364]
[58]
[269]
[361]
[42]
[355]
[294]
[180]
[321]
[170]
[290]
[158]
[355]
[355]
[355]
[320]
[364]
[40]
[262]
[366]
[28]
[258]
[177]
[355]
[186]
[271]
[168]
[281]
[156]
[355]
[355]
[355]
[285]
[366]
[26]
[260]
[366]
[38]
[355]
[284]
[166]
[294]
[154]
[355]
[355]
[355]
[350]
[366]
[25]
[261]
[366]
[37]
[355]
[313]
[153]
[165]
[355]
[355]
[355]
[355]
[355]
[355]
[283]
[366]
[23]
[256]
[365]
[35]
[324]
[368]
[62]
[279]
[366]
[59]
[284]
[364]
[50]
[340]
[163]
[307]
[151]
[355]
[355]
[355]
[259]
[178]
[355]
[355]
[260]
[187]
[355]
[355]
[355]
[333]
[367]
[58]
[259]
[369]
[61]
[320]
[190]
[355]
[279]
[366]
[40]
[265]
[366]
[47]
[349]
[368]
[62]
[300]
[362]
[55]
[261]
[364]
[59]
[289]
[186]
[271]
[189]
[355]
[355]
[355]
[355]
[355]
[302]
[187]
[355]
[355]
[355]
[355]
[261]
[367]
[64]
[259]
[364]
[61]
[355]
[321]
[190]
[355]
[355]
[355]
[355]
[333]
[369]
[46]
[286]
[175]
[355]
[352]
[368]
[47]
[337]
[174]
[349]
[189]
[355]
[262]
[192]
[272]
[175]
[300]
[168]
[355]
[355]
[276]
[367]
[59]
[257]
[366]
[62]
[302]
[187]
[299]
[183]
[263]
[190]
[355]
[355]
[368]
[23]
[258]
[368]
[35]
[355]
[259]
[370]
[61]
[261]
[367]
[58]
[277]
[365]
[50]
[355]
[355]
[274]
[151]
[309]
[372]
[59]
[256]
[186]
[258]
[163]
[271]
[189]
[257]
[368]
[56]
[355]
[338]
[373]
[61]
[256]
[187]
[262]
[178]
[259]
[372]
[58]
[279]
[184]
[299]
[186]
[288]
[189]
[329]
[369]
[40]
[256]
[369]
[47]
[343]
[370]
[62]
[292]
[368]
[59]
[260]
[367]
[55]
[355]
[355]
[355]
[355]
[355]
[355]
[355]
[315]
[370]
[64]
[277]
[367]
[61]
[349]
[190]
[345]
[187]
[353]
[371]
[45]
[355]
[335]
[175]
[281]
[373]
[46]
[310]
[173]
[355]
[355]
[260]
[370]
[47]
[347]
[174]
[355]
[355]
[319]
[183]
[355]
[355]
[295]
[189]
[355]
[355]
[355]
[259]
[368]
[35]
[355]
[259]
[368]
[62]
[264]
[368]
[59]
[267]
[367]
[54]
[307]
[168]
[283]
[192]
[298]
[187]
[349]
[175]
[338]
[374]
[64]
[263]
[372]
[61]
[275]
[190]
[355]
[314]
[375]
[66]
[274]
[370]
[62]
[273]
[189]
[268]
[192]
[263]
[182]
[283]
[194]
[349]
[190]
[292]
[372]
[28]
[256]
[371]
[40]
[267]
[163]
[299]
[375]
[69]
[259]
[373]
[66]
[261]
[370]
[59]
[262]
[367]
[55]
[355]
[355]
[355]
[338]
[156]
[289]
[168]
[355]
[355]
[355]
[355]
[355]
[309]
[197]
[261]
[371]
[30]
[260]
[369]
[42]
[334]
[170]
[257]
[158]
[355]
[276]
[372]
[31]
[256]
[373]
[43]
[304]
[159]
[262]
[171]
[355]
[354]
[373]
[47]
[261]
[371]
[35]
[321]
[374]
[67]
[260]
[371]
[64]
[318]
[194]
[261]
[187]
[305]
[183]
[355]
[312]
[175]
[281]
[192]
[355]
[257]
[374]
[66]
[259]
[370]
[62]
[285]
[195]
[280]
[190]
[355]
[312]
[374]
[33]
[372]
[45]
[259]
[163]
[323]
[372]
[64]
[256]
[376]
[67]
[269]
[194]
[257]
[366]
[61]
[261]
[368]
[57]
[258]
[368]
[55]
[283]
[189]
[272]
[192]
[285]
[183]
[263]
[185]
[355]
[261]
[173]
[274]
[195]
[272]
[375]
[69]
[261]
[375]
[66]
[355]
[302]
[161]
[281]
[372]
[31]
[376]
[71]
[258]
[375]
[43]
[375]
[67]
[277]
[194]
[257]
[197]
[281]
[171]
[263]
[195]
[292]
[199]
[355]
[293]
[374]
[30]
[260]
[375]
[42]
[282]
[159]
[303]
[373]
[67]
[256]
[376]
[71]
[260]
[374]
[57]
[264]
[368]
[62]
[355]
[355]
[355]
[355]
[301]
[199]
[355]
[355]
[355]
[302]
[374]
[69]
[271]
[371]
[66]
[282]
[170]
[274]
[195]
[279]
[158]
[355]
[319]
[373]
[31]
[256]
[373]
[43]
[307]
[171]
[258]
[159]
[355]
[290]
[376]
[45]
[258]
[376]
[33]
[293]
[161]
[258]
[173]
[355]
[329]
[378]
[48]
[261]
[375]
[36]
[355]
[190]
[355]
[257]
[185]
[289]
[194]
[355]
[257]
[176]
[332]
[376]
[67]
[261]
[375]
[64]
[278]
[197]
[279]
[192]
[355]
[328]
[376]
[35]
[376]
[47]
[274]
[164]
[305]
[377]
[69]
[257]
[374]
[66]
[259]
[195]
[256]
[373]
[63]
[261]
[370]
[57]
[261]
[370]
[59]
[281]
[191]
[266]
[185]
[258]
[194]
[273]
[187]
[330]
[175]
[269]
[197]
[268]
[163]
[302]
[377]
[71]
[261]
[377]
[67]
[355]
[329]
[377]
[72]
[261]
[376]
[27]
[378]
[39]
[377]
[69]
[271]
[195]
[269]
[199]
[270]
[155]
[269]
[167]
[269]
[197]
[305]
[200]
[355]
[267]
[377]
[28]
[376]
[40]
[316]
[376]
[69]
[260]
[374]
[64]
[263]
[376]
[59]
[355]
[282]
[156]
[263]
[168]
[355]
[285]
[379]
[42]
[261]
[375]
[30]
[293]
[158]
[258]
[170]
[308]
[197]
[329]
[377]
[71]
[260]
[374]
[31]
[376]
[43]
[259]
[375]
[67]
[276]
[187]
[258]
[192]
[268]
[159]
[258]
[171]
[282]
[199]
[329]
[195]
[305]
[363]
[55]
[261]
[375]
[45]
[259]
[377]
[33]
[281]
[373]
[61]
[259]
[183]
[278]
[374]
[67]
[279]
[377]
[71]
[331]
[195]
[284]
[173]
[270]
[199]
[258]
[161]
[355]
[258]
[376]
[66]
[258]
[377]
[69]
[286]
[189]
[344]
[194]
[290]
[375]
[25]
[257]
[376]
[37]
[260]
[376]
[67]
[257]
[377]
[64]
[269]
[197]
[268]
[165]
[258]
[153]
[271]
[192]
[301]
[195]
[355]
[262]
[376]
[26]
[376]
[38]
[310]
[374]
[67]
[377]
[71]
[261]
[374]
[57]
[370]
[62]
[355]
[259]
[154]
[258]
[166]
[331]
[195]
[308]
[377]
[40]
[260]
[376]
[28]
[257]
[199]
[290]
[156]
[273]
[168]
[350]
[185]
[265]
[377]
[69]
[267]
[375]
[66]
[260]
[377]
[42]
[261]
[190]
[256]
[374]
[30]
[289]
[197]
[260]
[170]
[260]
[158]
[290]
[194]
[288]
[373]
[54]
[311]
[182]
[266]
[372]
[59]
[283]
[375]
[43]
[258]
[374]
[31]
[286]
[373]
[66]
[291]
[376]
[69]
[351]
[194]
[278]
[171]
[259]
[197]
[272]
[159]
[340]
[187]
[304]
[373]
[64]
[376]
[67]
[355]
[348]
[375]
[66]
[256]
[371]
[62]
[259]
[376]
[23]
[257]
[376]
[35]
[258]
[195]
[274]
[192]
[274]
[163]
[257]
[151]
[256]
[190]
[299]
[194]
[355]
[338]
[376]
[37]
[257]
[374]
[25]
[280]
[373]
[66]
[263]
[376]
[69]
[256]
[373]
[59]
[259]
[374]
[55]
[355]
[349]
[197]
[187]
[287]
[194]
[355]
[355]
[270]
[377]
[67]
[256]
[374]
[64]
[261]
[374]
[58]
[279]
[153]
[294]
[183]
[262]
[165]
[285]
[195]
[256]
[192]
[271]
[186]
[355]
[317]
[372]
[26]
[257]
[371]
[38]
[257]
[377]
[66]
[256]
[369]
[62]
[264]
[372]
[54]
[256]
[371]
[59]
[355]
[283]
[190]
[273]
[154]
[275]
[182]
[266]
[194]
[258]
[166]
[355]
[316]
[376]
[64]
[257]
[373]
[61]
[270]
[370]
[40]
[256]
[187]
[256]
[370]
[55]
[256]
[370]
[28]
[355]
[278]
[183]
[261]
[192]
[264]
[156]
[260]
[189]
[270]
[168]
[355]
[355]
[355]
[266]
[368]
[62]
[265]
[367]
[41]
[368]
[59]
[261]
[367]
[29]
[367]
[56]
[355]
[355]
[355]
[292]
[157]
[261]
[190]
[257]
[169]
[291]
[187]
[347]
[184]
[355]
[355]
[355]
[355]
[355]
[355]
[355]
[271]
[369]
[61]
[263]
[365]
[53]
[265]
[366]
[49]
[258]
[367]
[32]
[265]
[365]
[44]
[343]
[181]
[307]
[177]
[260]
[189]
[273]
[172]
[355]
[355]
[299]
[368]
[58]
[257]
[160]
[266]
[365]
[52]
[267]
[364]
[49]
[264]
[366]
[30]
[260]
[363]
[42]
[355]
[355]
[355]
[347]
[170]
[291]
[186]
[319]
[158]
[284]
[177]
[262]
[180]
[355]
[355]
[355]
[355]
[355]
[355]
[355]
[355]
[355]
[352]
[366]
[59]
[269]
[363]
[35]
[264]
[363]
[50]
[256]
[362]
[42]
[355]
[355]
[321]
[163]
[258]
[178]
[277]
[170]
[272]
[187]
[355]
[355]
[355]
[355]
[355]
[355]
[355]
[355]
[355]
[355]
[355]
[355]
[355]
[355]
[355]
[355]
[355]
[355]
[355]
[355]
[268]
[375]
[40]
[355]
[308]
[168]
[259]
[376]
[52]
[288]
[180]
[355]
[265]
[375]
[59]
[343]
[374]
[62]
[334]
[379]
[67]
[355]
[258]
[382]
[73]
[257]
[379]
[81]
[380]
[85]
[355]
[355]
[355]
[355]
[258]
[209]
[323]
[213]
[333]
[201]
[355]
[355]
[321]
[377]
[79]
[256]
[378]
[83]
[256]
[377]
[71]
[355]
[264]
[207]
[261]
[211]
[355]
[302]
[378]
[81]
[261]
[377]
[78]
[285]
[199]
[334]
[206]
[312]
[376]
[79]
[260]
[377]
[76]
[274]
[209]
[275]
[195]
[307]
[190]
[274]
[187]
[264]
[204]
[259]
[377]
[78]
[260]
[207]
[259]
[376]
[74]
[299]
[206]
[323]
[377]
[76]
[261]
[202]
[378]
[73]
[310]
[201]
[265]
[204]
[348]
[372]
[47]
[258]
[373]
[54]
[350]
[377]
[74]
[257]
[373]
[71]
[261]
[374]
[66]
[256]
[372]
[62]
[355]
[355]
[312]
[190]
[272]
[175]
[286]
[182]
[283]
[202]
[273]
[194]
[284]
[199]
[355]
[355]
[355]
[355]
[355]
[309]
[371]
[59]
[262]
[374]
[66]
[257]
[372]
[52]
[307]
[375]
[78]
[379]
[81]
[258]
[378]
[69]
[355]
[339]
[206]
[291]
[209]
[289]
[194]
[308]
[197]
[355]
[291]
[375]
[64]
[278]
[375]
[76]
[256]
[378]
[79]
[260]
[377]
[67]
[330]
[204]
[277]
[207]
[355]
[308]
[378]
[78]
[269]
[373]
[74]
[351]
[202]
[270]
[206]
[335]
[192]
[267]
[375]
[73]
[259]
[374]
[76]
[260]
[372]
[77]
[268]
[187]
[272]
[205]
[274]
[180]
[285]
[201]
[335]
[376]
[74]
[259]
[375]
[71]
[269]
[204]
[297]
[199]
[279]
[195]
[316]
[202]
[300]
[370]
[47]
[264]
[370]
[54]
[355]
[273]
[376]
[74]
[257]
[372]
[71]
[270]
[367]
[62]
[259]
[368]
[66]
[355]
[355]
[355]
[268]
[175]
[257]
[190]
[280]
[182]
[307]
[202]
[298]
[194]
[268]
[199]
[355]
[355]
[355]
[355]
[355]
[355]
[304]
[368]
[59]
[264]
[367]
[52]
[333]
[376]
[78]
[265]
[371]
[74]
[270]
[369]
[67]
[355]
[327]
[202]
[355]
[285]
[374]
[76]
[259]
[371]
[73]
[323]
[201]
[306]
[206]
[310]
[180]
[274]
[375]
[74]
[259]
[372]
[71]
[263]
[195]
[264]
[204]
[326]
[202]
[355]
[307]
[199]
[295]
[364]
[62]
[264]
[366]
[54]
[311]
[371]
[74]
[261]
[365]
[71]
[273]
[366]
[66]
[284]
[187]
[355]
[325]
[190]
[266]
[199]
[262]
[202]
[286]
[182]
[282]
[194]
[355]
[355]
[355]
[355]
[355]
[355]
[355]
[355]
[355]
[355]
[256]
[368]
[73]
[266]
[365]
[42]
[259]
[362]
[54]
[261]
[365]
[70]
[262]
[362]
[58]
[355]
[355]
[272]
[170]
[282]
[186]
[267]
[201]
[261]
[198]
[279]
[182]
[355]
[355]
[355]
[355]
[355]
[355]
[355]
[355]
[355]
[355]
[355]
[355]
[355]
[355]
[355]
[355]
[355]
[300]
[365]
[40]
[344]
[364]
[47]
[288]
[366]
[61]
[274]
[365]
[55]
[313]
[363]
[62]
[297]
[368]
[69]
[313]
[373]
[73]
[355]
[355]
[279]
[201]
[266]
[190]
[289]
[197]
[349]
[189]
[355]
[355]
[308]
[372]
[71]
[268]
[367]
[67]
[276]
[364]
[59]
[256]
[363]
[62]
[348]
[195]
[279]
[199]
[355]
[321]
[371]
[69]
[268]
[370]
[66]
[279]
[190]
[320]
[187]
[298]
[194]
[340]
[372]
[67]
[261]
[183]
[260]
[372]
[64]
[265]
[197]
[294]
[168]
[323]
[175]
[269]
[373]
[66]
[261]
[195]
[192]
[270]
[370]
[62]
[276]
[194]
[346]
[190]
[257]
[373]
[64]
[270]
[372]
[61]
[294]
[189]
[263]
[192]
[355]
[277]
[367]
[47]
[266]
[366]
[35]
[332]
[368]
[59]
[257]
[368]
[62]
[291]
[359]
[50]
[256]
[366]
[54]
[355]
[355]
[265]
[178]
[288]
[163]
[314]
[182]
[283]
[190]
[290]
[187]
[299]
[175]
[355]
[355]
[355]
[355]
[347]
[368]
[47]
[270]
[366]
[40]
[316]
[373]
[69]
[263]
[369]
[66]
[264]
[365]
[55]
[262]
[367]
[59]
[355]
[355]
[355]
[355]
[256]
[197]
[306]
[194]
[355]
[302]
[371]
[64]
[258]
[373]
[67]
[322]
[192]
[279]
[195]
[355]
[343]
[365]
[62]
[257]
[371]
[66]
[345]
[190]
[283]
[194]
[351]
[168]
[299]
[187]
[264]
[368]
[61]
[367]
[64]
[355]
[300]
[183]
[258]
[189]
[314]
[175]
[262]
[368]
[62]
[266]
[366]
[59]
[283]
[192]
[355]
[275]
[190]
[275]
[187]
[355]
[273]
[364]
[35]
[270]
[361]
[47]
[329]
[366]
[62]
[267]
[364]
[54]
[260]
[362]
[59]
[355]
[355]
[355]
[335]
[163]
[355]
[351]
[175]
[270]
[182]
[355]
[344]
[190]
[355]
[355]
[355]
[287]
[187]
[355]
[355]
[315]
[363]
[40]
[268]
[363]
[47]
[322]
[368]
[66]
[275]
[362]
[62]
[287]
[360]
[55]
[355]
[303]
[190]
[355]
[327]
[369]
[64]
[272]
[365]
[61]
[323]
[189]
[309]
[194]
[340]
[192]
[257]
[168]
[276]
[367]
[62]
[281]
[365]
[59]
[263]
[183]
[298]
[190]
[294]
[187]
[355]
[355]
[273]
[365]
[50]
[260]
[364]
[42]
[264]
[364]
[62]
[280]
[364]
[54]
[274]
[363]
[59]
[314]
[175]
[355]
[348]
[190]
[264]
[178]
[257]
[187]
[299]
[170]
[319]
[182]
[355]
[355]
[355]
[355]
[355]
[355]
[355]
[355]
[355]
[355]
[355]
[301]
[364]
[61]
[265]
[362]
[54]
[258]
[363]
[58]
[264]
[363]
[30]
[361]
[42]
[258]
[362]
[49]
[355]
[355]
[310]
[189]
[257]
[170]
[264]
[182]
[263]
[158]
[259]
[177]
[267]
[186]
[355]
[355]
[355]
[355]
[355]
[355]
[355]
[355]
[355]
[355]
[355]
[355]
[355]
[355]
[355]
[355]
[355]
[355]
[355]
[355]
[355]
[355]
[355]
[355]
[355]
[355]
[355]
[355]
[355]
[355]
[326]
[371]
[50]
[355]
[355]
[355]
[355]
[355]
[355]
[355]
[355]
[355]
[355]
[267]
[372]
[49]
[347]
[178]
[355]
[320]
[373]
[50]
[355]
[269]
[177]
[355]
[355]
[355]
[355]
[355]
[355]
[355]
[350]
[370]
[52]
[355]
[355]
[298]
[178]
[355]
[355]
[355]
[355]
[355]
[355]
[355]
[355]
[355]
[355]
[282]
[358]
[59]
[265]
[362]
[47]
[273]
[359]
[43]
[260]
[362]
[31]
[299]
[358]
[55]
[355]
[355]
[355]
[355]
[355]
[355]
[355]
[355]
[355]
[355]
[355]
[355]
[334]
[366]
[50]
[355]
[355]
[355]
[355]
[355]
[276]
[178]
[355]
[355]
[355]
[283]
[369]
[49]
[355]
[310]
[177]
[355]
[355]
[319]
[369]
[50]
[355]
[354]
[178]
[355]
[295]
[371]
[49]
[339]
[177]
[355]
[295]
[180]
[268]
[372]
[50]
[355]
[355]
[353]
[370]
[52]
[355]
[263]
[178]
[355]
[355]
[355]
[355]
[273]
[171]
[292]
[183]
[319]
[175]
[270]
[187]
[355]
[355]
[355]
[355]
[355]
[355]
[355]
[355]
[263]
[360]
[58]
[258]
[363]
[40]
[262]
[364]
[28]
[257]
[361]
[46]
[355]
[355]
[355]
[308]
[159]
[355]
[301]
[156]
[257]
[168]
[355]
[355]
[355]
[355]
[258]
[174]
[308]
[180]
[355]
[334]
[186]
[355]
[355]
[355]
[355]
[355]
[355]
[321]
[368]
[52]
[274]
[366]
[54]
[257]
[367]
[58]
[261]
[361]
[46]
[263]
[364]
[30]
[261]
[363]
[42]
[355]
[355]
[355]
[355]
[321]
[158]
[342]
[174]
[290]
[186]
[334]
[182]
[355]
[355]
[355]
[355]
[355]
[355]
[355]
[355]
[355]
[355]
[355]
[355]
[355]
[355]
[355]
[322]
[364]
[54]
[366]
[59]
[272]
[366]
[35]
[257]
[363]
[47]
[355]
[355]
[355]
[355]
[355]
[355]
[355]
[355]
[355]
[355]
[355]
[355]
[355]
[355]
[355]
[355]
[355]
[329]
[365]
[50]
[355]
[355]
[355]
[317]
[180]
[355]
[355]
[355]
[355]
[355]
[355]
[355]
[355]
[355]
[355]
[355]
[297]
[362]
[49]
[355]
[355]
[270]
[178]
[355]
[355]
[355]
[355]
[355]
[355]
[308]
[361]
[50]
[355]
[355]
[282]
[177]
[355]
[355]
[355]
[355]
[355]
[355]
[355]
[355]
[281]
[170]
[182]
[187]
[163]
[175]
[178]
