355
355
355
355
355
355
355
275
65
294
50
270
57
355
326
193
283
185
276
69
355
263
197
290
65
340
193
280
64
310
192
300
62
256
57
290
185
257
190
305
64
319
192
297
65
267
57
286
193
294
69
259
185
317
197
278
65
331
193
276
64
296
192
287
62
263
178
260
57
274
190
271
185
294
64
318
192
280
65
291
50
257
57
264
193
298
69
266
185
309
197
269
65
320
193
278
64
301
192
288
62
258
57
291
190
256
185
307
64
302
192
307
65
288
193
257
57
287
185
273
69
355
262
197
258
65
329
193
274
64
287
192
301
178
285
67
269
57
297
185
281
64
288
192
342
195
284
65
273
50
270
57
288
193
283
69
355
280
185
266
65
349
193
260
64
303
192
305
62
271
57
269
190
271
185
271
197
278
64
292
192
297
65
287
193
257
57
290
185
276
69
335
70
274
197
65
289
193
279
198
265
64
288
192
298
69
272
57
292
185
286
64
293
192
283
197
295
65
302
57
270
193
285
69
310
178
300
65
336
193
265
64
300
192
272
197
277
45
264
62
275
173
268
190
303
64
301
192
304
185
263
65
263
50
285
193
272
178
281
69
295
197
300
65
301
193
284
64
282
192
332
69
261
57
263
62
276
185
270
190
291
64
280
192
258
197
355
334
74
296
65
261
57
258
50
301
193
334
202
270
69
267
185
316
197
284
65
292
193
309
64
292
192
301
62
256
57
287
190
258
185
296
64
292
192
304
65
275
57
281
193
272
185
286
69
304
197
291
65
309
193
293
64
295
192
301
69
266
57
279
62
269
185
287
190
271
64
280
197
285
192
310
65
286
57
267
193
293
69
307
178
286
65
297
197
290
193
274
64
302
192
275
45
275
62
267
173
273
190
304
64
314
192
266
185
289
65
267
50
287
178
259
193
301
69
304
197
290
65
294
193
282
64
281
192
309
57
287
185
259
69
258
71
334
65
271
199
287
193
347
197
265
67
274
48
268
60
262
52
288
195
281
72
355
283
67
304
188
289
180
268
195
256
65
325
193
278
64
273
60
261
55
267
192
271
188
274
183
282
65
325
193
289
60
265
52
277
200
277
67
329
195
268
188
262
72
318
200
291
67
306
195
272
65
283
60
257
193
256
180
270
55
269
188
272
183
258
72
260
176
337
67
309
200
285
53
266
195
48
68
256
59
301
196
279
71
336
187
268
68
292
181
311
196
261
67
303
199
259
195
284
56
258
65
262
59
277
184
261
193
257
187
311
67
296
195
289
68
267
53
273
59
276
196
268
187
276
71
257
181
335
199
257
72
274
68
307
196
261
200
266
67
317
56
262
59
257
195
268
65
257
74
265
176
261
184
258
187
280
193
287
68
339
202
267
196
288
67
259
48
258
60
258
52
296
195
280
74
333
188
276
67
261
180
286
195
308
65
293
193
286
55
60
270
64
274
188
263
183
274
192
293
65
289
193
310
60
257
52
262
67
273
202
286
195
259
188
279
72
328
200
258
67
280
195
303
65
280
193
256
60
265
55
261
180
267
176
261
188
267
183
272
72
276
64
270
200
273
192
309
48
264
67
258
53
318
195
346
59
264
77
355
283
187
280
74
304
181
268
202
284
68
285
196
310
67
281
195
276
59
266
56
278
187
271
184
257
65
273
205
261
193
323
67
324
195
274
53
59
257
68
309
196
276
187
285
74
326
202
258
68
296
196
260
181
290
67
280
195
296
59
265
176
256
56
259
71
279
187
259
184
312
199
257
68
355
273
196
283
67
259
52
264
60
256
48
291
195
284
72
324
180
297
67
257
188
325
195
260
65
317
193
282
60
64
269
55
274
192
261
188
260
183
297
65
293
200
193
306
60
257
67
267
52
297
195
271
188
261
72
270
180
302
200
292
67
327
195
265
65
314
193
276
60
265
55
265
64
275
188
270
183
261
192
305
65
324
193
274
60
261
67
265
52
299
195
289
188
256
72
298
180
200
305
67
336
195
260
65
312
193
278
60
273
64
259
55
263
188
281
183
261
176
259
192
312
67
355
305
69
264
195
260
45
260
57
258
52
322
197
287
70
267
185
318
198
272
69
310
197
269
173
277
67
290
195
301
65
261
180
257
57
291
193
257
185
310
64
355
260
192
296
65
280
50
277
57
285
193
305
69
280
185
318
197
264
65
331
193
265
64
313
192
289
62
257
57
288
190
262
185
298
64
292
192
315
65
256
57
292
193
273
185
300
69
355
257
65
263
197
353
193
266
64
289
192
284
178
273
67
281
57
299
185
271
64
291
192
352
195
257
50
265
65
256
57
339
193
271
69
355
272
185
286
65
344
64
288
193
286
192
303
62
262
57
279
190
264
185
287
64
268
197
290
192
313
65
262
57
278
193
270
185
290
69
341
70
285
197
297
198
281
64
278
192
292
69
268
62
256
57
264
178
266
190
273
185
258
197
308
65
355
306
193
329
45
326
64
319
192
270
69
355
302
64
273
197
328
62
296
192
280
190
281
57
261
60
285
188
264
185
300
62
330
190
277
64
266
57
285
192
265
185
275
69
314
197
289
64
315
192
273
62
287
190
304
57
267
60
269
185
266
72
272
188
285
173
257
200
295
62
279
190
355
284
40
266
71
288
64
296
52
299
192
293
180
276
68
259
199
319
196
274
64
292
192
306
62
288
190
304
52
259
59
288
187
274
180
292
62
289
190
309
64
264
52
284
192
284
180
291
68
285
196
304
69
269
168
290
197
300
62
313
190
272
52
276
68
271
180
315
62
297
190
291
196
302
64
277
45
52
310
192
289
69
307
180
310
64
340
60
276
192
277
188
294
52
258
57
282
180
185
326
60
289
188
275
197
288
52
276
64
271
180
273
192
287
69
326
197
276
64
339
60
258
192
305
188
52
292
180
304
69
258
173
259
57
284
185
277
197
303
59
284
187
355
355
310
69
297
60
257
35
261
47
355
355
260
175
263
197
287
188
264
63
326
191
280
60
316
188
305
59
302
187
258
47
289
57
271
175
286
185
296
59
300
187
301
47
267
60
299
163
175
267
188
301
63
292
191
290
60
293
188
303
59
288
187
300
66
279
57
259
47
287
175
259
185
289
194
258
60
328
188
319
67
282
40
259
47
260
59
320
187
301
195
279
64
279
175
286
192
299
59
288
187
306
57
295
185
274
47
280
55
264
175
279
183
314
57
286
185
315
47
258
59
272
168
263
175
270
187
305
64
327
192
276
59
328
187
263
57
280
185
324
47
55
291
183
283
175
292
71
294
59
324
69
262
199
304
197
355
304
66
269
187
60
264
35
337
188
301
194
63
350
191
270
60
298
188
292
59
295
187
298
47
263
57
280
175
276
185
309
59
292
187
271
163
293
60
260
47
294
175
265
188
303
63
328
191
279
60
285
188
319
59
344
47
266
187
283
175
263
69
256
57
301
185
304
197
263
67
293
195
257
59
292
187
355
313
64
270
47
257
40
273
55
332
192
303
183
280
175
264
64
345
59
347
57
275
187
295
185
269
47
277
55
272
175
265
183
319
57
276
192
275
185
313
47
258
59
276
168
265
175
275
187
310
64
302
192
287
59
355
187
257
57
282
185
284
47
269
55
298
175
355
272
183
259
57
284
76
259
185
355
317
64
308
40
301
168
310
204
348
76
268
192
262
68
281
196
337
204
314
71
258
64
280
192
303
199
303
68
283
196
264
59
298
187
275
69
281
57
273
197
283
185
270
71
259
52
295
180
261
56
282
69
257
199
264
184
302
197
286
59
258
68
294
187
267
196
292
71
280
199
303
59
275
77
266
187
261
76
278
204
257
57
261
205
52
279
185
263
180
272
69
282
197
67
294
76
259
195
313
40
288
168
260
64
256
204
259
68
282
196
272
192
300
76
267
60
355
256
188
274
64
268
69
268
192
256
204
264
72
256
197
322
60
276
200
256
188
257
69
294
59
280
197
278
71
257
187
287
52
270
57
265
199
267
180
261
72
285
185
268
59
283
200
187
267
71
296
60
276
199
267
188
263
69
320
64
263
197
275
72
268
192
268
60
286
200
256
188
264
69
291
59
271
197
261
71
262
187
274
52
257
199
275
57
276
180
269
76
268
185
289
64
293
69
267
192
273
40
261
204
263
197
271
168
288
64
288
192
260
76
264
68
266
59
296
196
295
204
281
187
269
71
270
64
280
192
300
199
261
68
259
59
297
187
267
196
294
57
257
69
303
185
260
52
271
197
266
71
269
56
274
180
295
184
261
69
264
199
257
57
286
185
272
59
265
197
258
68
275
187
301
196
257
71
294
199
300
59
262
77
280
187
271
57
267
205
265
52
263
185
261
69
273
180
282
197
291
76
355
269
68
259
204
262
40
297
196
272
64
264
168
282
192
294
76
301
60
264
69
283
197
272
188
325
204
259
72
282
64
276
192
299
200
269
69
292
197
265
60
285
71
267
188
292
199
278
72
260
59
287
187
295
71
256
200
273
60
286
188
268
199
272
69
308
64
288
197
265
71
257
60
263
192
282
188
287
59
265
69
262
72
271
187
256
199
257
197
264
57
284
185
269
52
271
200
275
180
262
76
280
64
278
192
300
69
295
204
260
41
321
169
304
197
260
65
257
77
295
193
283
60
286
188
290
205
282
72
276
65
277
193
291
200
276
69
289
60
276
188
271
197
277
70
268
58
311
186
268
72
257
198
257
53
269
57
286
181
287
70
257
200
256
185
282
58
283
186
272
60
265
69
258
198
270
188
292
197
266
72
277
200
311
79
273
60
276
207
273
188
295
57
256
55
256
69
269
53
267
185
264
183
267
197
263
181
273
77
307
41
279
169
275
205
257
65
285
193
313
77
265
70
258
62
296
198
315
190
262
74
259
65
276
193
263
205
312
202
70
267
62
277
190
265
198
291
60
72
290
188
258
53
291
181
263
58
261
200
74
303
186
273
60
256
72
274
202
257
188
281
62
276
200
270
70
262
190
313
198
263
74
256
65
301
193
267
62
272
70
256
202
267
190
301
60
267
198
266
72
260
188
261
58
313
186
257
77
256
200
295
62
288
190
262
205
262
70
281
198
275
53
355
275
73
262
64
261
61
293
192
259
181
285
189
280
58
286
67
256
201
269
186
280
55
281
183
268
195
271
64
292
192
269
52
275
65
265
180
299
49
276
193
267
177
270
69
301
46
286
197
260
174
262
67
272
66
256
194
264
41
293
195
280
64
259
169
274
46
279
61
288
189
261
192
268
67
263
174
276
49
287
177
287
52
266
72
269
180
291
200
264
64
290
195
275
192
267
55
264
61
288
183
265
189
267
70
277
64
256
58
279
192
264
186
261
198
288
61
283
189
355
258
57
262
60
258
53
355
267
185
261
188
261
65
272
181
332
60
293
193
300
58
261
188
313
186
267
41
263
57
282
169
309
185
256
58
289
186
285
41
268
60
269
169
325
188
258
65
355
260
60
324
188
258
58
326
186
283
53
256
57
301
181
257
185
299
58
291
193
295
186
303
60
277
53
303
188
276
65
321
181
288
60
305
193
301
58
262
188
340
186
288
57
271
53
299
185
313
58
355
309
186
265
61
269
52
268
45
264
181
355
263
189
294
62
312
190
303
64
273
173
280
192
298
65
307
180
274
193
278
57
261
67
278
185
312
195
261
69
315
197
355
273
65
279
57
256
50
355
274
193
271
185
274
69
350
197
266
65
355
256
64
291
193
315
192
265
57
268
62
278
185
271
190
322
64
332
192
286
57
264
65
276
185
277
193
303
69
321
197
278
65
345
193
264
64
312
192
275
57
268
62
258
178
266
185
269
190
312
64
355
264
192
284
50
259
65
258
57
307
193
300
69
271
185
308
197
279
65
333
193
270
64
326
192
290
57
257
62
287
190
256
185
320
64
320
192
286
57
266
65
295
185
193
325
69
355
265
65
263
197
354
193
280
64
286
192
315
67
287
57
273
178
271
185
355
341
50
266
57
298
195
355
265
69
355
317
185
271
65
355
273
64
262
193
307
192
297
57
258
62
285
185
265
190
299
64
260
197
308
192
295
65
260
57
285
193
261
185
312
69
342
70
275
197
309
198
264
64
285
192
303
69
281
57
290
185
280
64
286
192
335
197
272
65
296
57
273
193
289
69
327
178
281
65
355
259
193
256
64
301
192
285
45
258
62
288
173
260
190
311
64
275
197
285
192
303
65
261
50
263
185
281
193
297
178
266
69
292
197
298
65
294
193
290
64
281
192
330
69
264
57
282
185
324
64
257
197
277
192
355
342
74
294
50
267
57
265
65
302
193
345
202
266
69
293
185
292
197
290
65
307
193
300
64
303
192
285
57
262
62
285
185
262
190
309
64
296
192
317
65
263
57
284
193
258
185
298
69
331
197
272
65
315
193
277
64
290
178
268
192
310
69
261
57
303
185
297
64
334
197
267
192
301
65
275
57
291
193
285
69
355
265
65
352
64
260
193
303
192
264
45
283
173
62
289
190
301
64
325
192
262
197
267
50
275
65
256
185
265
178
290
193
289
69
329
197
278
65
306
193
279
64
283
192
289
57
285
185
307
69
355
256
65
308
193
323
197
261
67
285
48
263
52
256
60
326
195
271
72
355
291
188
273
67
265
180
314
195
277
65
303
193
298
64
258
55
259
60
283
188
271
192
268
183
312
65
315
193
260
60
261
52
323
200
257
67
335
188
256
195
282
72
289
180
272
200
296
67
295
195
289
65
282
193
289
60
270
55
258
72
271
188
264
176
261
183
261
64
293
192
270
67
320
200
271
195
283
68
258
53
259
59
267
48
297
196
284
71
338
187
279
68
256
181
355
259
67
281
196
297
195
264
56
266
59
267
65
263
199
256
184
263
187
267
193
310
67
287
195
305
68
261
59
256
53
295
196
187
258
181
293
71
335
72
265
199
282
68
306
196
270
67
258
200
297
195
278
56
264
59
264
65
74
270
176
258
184
261
187
281
193
293
68
305
202
304
196
275
67
265
60
256
48
261
52
295
195
272
74
326
188
285
67
263
180
305
195
277
65
295
193
299
55
259
60
64
291
188
192
261
183
315
65
295
193
291
60
264
52
269
67
274
202
285
195
270
188
272
72
339
200
264
67
278
195
295
180
272
65
271
60
261
55
258
193
273
188
268
183
265
176
269
72
271
64
274
192
263
200
308
48
257
53
265
67
350
195
325
59
266
77
355
319
74
264
187
284
181
296
202
264
68
316
196
277
67
274
195
279
56
267
59
281
184
259
187
260
65
279
193
320
67
321
195
271
53
264
68
262
59
280
205
273
187
260
196
301
74
258
181
323
202
268
68
305
196
276
67
286
195
284
56
263
59
269
71
258
176
267
184
263
187
264
65
290
193
279
68
278
199
338
196
287
67
257
48
256
60
258
52
308
195
291
72
301
188
265
180
295
67
336
195
263
65
314
193
276
55
259
60
259
64
288
183
260
192
260
188
311
65
296
193
274
200
285
60
257
67
257
52
317
195
274
188
260
72
275
180
300
200
286
67
338
195
262
65
302
193
304
55
64
257
60
288
192
262
183
257
188
297
65
318
193
283
60
267
52
67
321
195
274
188
265
72
290
180
276
200
300
67
337
195
262
65
316
193
298
64
264
60
280
55
264
188
264
192
262
176
262
183
300
67
355
343
195
262
69
259
45
258
52
256
57
334
197
298
70
259
185
329
198
276
69
318
197
286
67
277
173
275
195
270
180
271
57
262
65
282
185
271
193
315
64
333
38
319
166
308
50
264
192
284
178
65
355
320
57
288
185
326
193
260
69
355
307
65
344
64
283
193
282
192
297
57
261
62
280
185
262
190
267
197
300
64
336
192
275
57
258
65
277
185
266
193
320
69
339
70
285
197
264
65
278
198
271
193
264
64
280
192
286
57
273
69
266
185
287
197
312
65
355
306
193
268
72
275
64
264
45
262
33
355
258
192
288
200
258
161
270
69
262
173
324
197
287
64
290
192
309
62
289
190
275
57
280
60
261
185
280
188
298
62
292
190
312
57
64
282
185
284
192
278
69
320
197
269
64
319
192
283
62
261
57
279
185
267
190
315
69
267
60
293
188
305
62
259
197
277
190
260
40
355
283
71
278
52
276
64
298
192
329
199
256
180
259
68
319
196
286
64
284
192
304
62
292
190
293
59
257
52
281
187
180
306
62
292
190
318
64
277
52
271
192
259
180
319
68
283
196
287
69
305
197
288
62
314
190
280
68
260
168
52
282
180
307
62
301
196
270
190
316
64
279
45
259
33
302
192
280
69
287
161
304
173
282
64
331
192
266
60
302
188
295
57
261
52
278
185
261
180
306
60
284
188
267
197
318
52
258
64
286
180
266
192
283
69
309
197
294
64
318
192
291
62
269
52
276
190
260
180
324
69
355
257
38
260
64
330
166
281
50
275
192
269
178
258
197
299
65
330
57
279
185
285
193
297
69
355
65
355
262
64
283
193
273
192
316
57
258
62
282
185
258
190
268
197
308
64
313
192
290
65
261
57
286
193
256
185
328
69
334
70
273
197
298
198
284
64
285
192
288
57
273
69
269
185
288
197
318
65
355
268
193
333
72
292
33
256
64
261
45
318
192
314
200
257
161
288
69
266
173
305
197
297
64
289
192
313
62
287
190
303
60
288
188
309
62
287
190
299
57
270
64
281
185
283
192
297
69
309
197
296
64
329
192
274
62
260
57
286
190
256
185
334
69
338
197
267
62
288
190
289
40
355
309
71
257
52
286
64
341
192
320
199
262
180
277
68
319
196
295
64
289
192
297
62
307
190
314
59
259
52
288
187
279
180
291
62
291
190
320
52
261
64
310
180
257
192
355
328
69
337
197
313
62
355
296
52
256
190
276
68
268
180
289
59
292
187
277
168
291
196
265
62
285
190
355
353
64
271
33
263
45
330
192
295
69
327
161
267
173
326
64
329
60
309
192
259
188
305
52
262
57
289
180
265
185
292
60
300
188
309
197
273
52
267
64
292
180
315
192
305
69
355
296
64
355
295
197
284
60
355
276
192
305
52
295
180
329
188
272
69
355
355
304
197
355
355
355
355
355
355
329
48
269
41
312
65
280
57
355
355
272
169
315
185
266
176
281
53
290
193
285
69
296
181
284
197
355
259
48
282
65
291
176
271
193
289
41
276
60
279
169
268
188
296
48
284
57
290
176
263
185
279
60
287
188
273
53
293
181
269
57
256
65
283
185
272
193
304
69
266
53
295
197
265
48
258
181
297
70
262
176
317
41
296
169
265
48
267
60
279
176
261
198
274
188
289
72
258
57
289
185
291
48
264
200
295
60
260
176
289
41
292
169
307
188
282
72
286
57
268
65
279
185
269
193
298
200
315
69
306
197
301
48
259
65
290
193
256
176
306
41
258
60
287
169
294
188
256
48
294
57
281
185
269
176
298
60
284
53
256
188
301
181
270
65
265
57
292
185
260
193
302
69
332
65
287
193
264
41
273
197
269
169
261
48
257
60
288
188
281
176
279
72
259
57
281
185
258
200
318
60
289
188
341
41
268
64
265
48
276
55
316
169
276
183
279
176
258
192
261
67
260
52
305
180
274
195
312
64
256
48
299
192
261
176
291
60
276
41
276
188
271
169
279
58
257
48
282
186
274
176
284
60
288
188
258
52
282
180
279
64
271
55
277
183
294
192
52
283
67
260
180
311
48
289
176
262
195
69
262
41
282
197
257
169
322
60
279
188
300
58
70
286
186
282
198
273
60
296
188
326
48
278
41
261
65
272
57
297
185
267
169
299
176
259
193
260
69
264
53
292
181
261
197
312
65
269
48
306
176
280
60
259
193
286
41
264
188
285
169
260
57
268
48
267
185
293
176
278
60
291
188
263
53
295
181
262
65
285
57
289
185
261
193
69
277
53
261
197
280
181
288
65
263
48
297
176
270
193
267
41
260
60
286
169
279
188
259
48
299
67
260
57
286
185
265
176
53
285
181
263
60
338
188
296
38
275
195
297
66
270
57
290
166
315
185
307
194
270
69
271
54
294
182
303
66
273
50
258
197
301
178
279
62
263
194
266
48
286
190
268
176
273
60
258
50
284
188
273
178
283
62
273
54
272
190
268
182
278
57
260
66
276
185
292
194
258
54
278
69
275
182
304
48
266
197
275
70
261
50
264
176
335
62
289
198
60
276
190
260
188
272
178
261
72
272
54
277
182
259
200
285
62
278
190
342
43
257
50
280
67
261
58
280
186
264
171
298
178
273
55
268
72
258
195
273
183
297
200
273
50
260
67
303
178
272
195
270
46
274
62
292
174
298
190
260
50
286
70
261
178
294
55
288
198
272
62
272
183
314
190
291
67
296
55
277
195
274
183
258
70
288
50
296
198
266
178
260
67
263
46
302
62
259
195
294
50
307
190
270
70
259
178
256
55
264
58
272
183
276
174
258
186
292
62
295
198
286
39
329
190
288
67
276
58
256
167
324
186
304
70
273
55
262
195
284
183
315
198
266
51
67
304
179
276
195
271
63
258
49
313
191
258
177
261
51
277
61
285
189
261
179
284
63
263
55
285
191
274
183
287
67
266
58
282
186
294
55
258
70
287
195
269
183
277
49
264
72
286
198
277
51
275
200
257
67
265
177
275
55
262
179
275
195
263
183
282
73
324
63
264
201
308
44
256
51
289
191
310
68
261
60
295
188
257
172
314
179
270
56
265
72
258
196
280
184
280
200
315
68
263
51
281
179
276
48
268
63
256
196
290
176
265
191
258
51
269
60
290
179
262
188
300
63
262
56
285
184
269
60
275
191
68
261
188
295
56
288
72
257
196
260
184
303
48
259
200
274
63
276
51
285
191
262
176
264
60
280
188
266
56
258
179
281
184
261
63
283
191
259
72
339
63
289
41
287
200
301
169
259
191
319
69
265
60
289
57
256
188
309
185
257
197
277
72
264
53
324
200
270
69
266
181
291
51
274
197
276
179
261
65
295
193
278
53
272
63
270
57
264
181
259
191
273
185
274
65
273
60
267
193
272
188
275
69
264
57
303
185
272
51
295
197
258
72
265
179
265
53
314
74
278
200
274
202
63
276
181
191
292
65
267
57
272
193
267
185
275
75
310
53
258
203
268
65
298
181
193
265
46
258
53
340
70
262
62
273
174
292
190
281
181
264
58
284
74
256
186
258
198
304
202
292
53
270
70
271
181
263
50
305
65
261
178
256
198
295
193
266
62
284
190
295
62
267
65
270
190
268
193
287
58
270
70
298
186
267
50
279
74
258
198
262
53
306
202
256
178
273
70
277
58
261
181
273
186
260
65
271
198
303
62
256
193
311
190
273
65
290
41
306
193
281
169
347
77
270
69
283
197
258
60
290
188
292
205
272
57
258
72
301
185
267
200
270
53
270
69
283
197
290
181
271
51
65
311
179
273
193
63
273
53
280
191
273
181
274
57
267
65
282
185
269
60
269
193
272
188
257
69
288
57
303
72
265
185
261
51
319
197
265
53
273
200
264
76
270
179
298
63
297
191
299
181
275
75
256
57
285
204
258
185
308
203
264
65
302
53
257
193
261
46
355
267
70
256
174
256
62
309
190
272
181
266
58
291
186
258
198
268
74
318
202
259
53
286
70
258
50
310
178
264
65
265
181
278
198
256
58
289
193
260
62
257
186
336
65
256
190
288
193
269
57
279
50
69
288
185
296
197
256
178
259
74
259
53
297
57
271
202
264
69
257
185
305
197
65
302
181
273
62
256
193
275
46
260
190
289
53
262
65
270
174
314
68
266
193
259
181
261
62
286
190
272
196
74
315
202
263
68
258
56
290
184
289
196
259
65
270
50
293
193
267
62
278
190
267
178
296
65
265
57
288
193
263
185
275
69
259
62
290
190
280
74
256
197
265
57
313
69
264
185
284
53
266
202
260
65
269
197
273
181
286
46
291
53
277
174
279
193
341
58
286
77
267
70
262
62
278
186
256
198
268
181
292
190
256
205
286
74
317
58
265
70
257
202
271
186
280
50
275
198
271
65
257
53
299
193
274
178
280
74
283
72
256
200
258
62
262
181
278
190
65
258
202
296
193
268
57
285
69
274
53
289
185
264
74
256
197
307
202
260
69
299
181
269
46
262
197
257
65
296
174
266
53
265
62
256
193
294
190
275
181
65
295
62
275
68
258
193
261
190
305
56
269
74
257
196
272
184
287
202
260
53
262
68
264
50
292
65
259
196
270
178
281
62
261
56
256
193
270
190
270
184
283
181
262
65
266
62
276
190
279
57
261
69
256
193
299
50
268
74
256
197
273
178
291
185
260
69
267
202
294
65
265
197
278
46
261
193
282
53
277
174
286
64
288
192
256
58
355
292
77
257
65
70
261
62
355
348
190
282
205
293
193
284
186
355
304
181
274
198
355
355
276
47
288
53
292
56
309
68
256
65
261
62
259
59
355
283
175
299
187
267
181
257
184
261
190
355
274
193
355
321
196
326
74
355
309
49
335
55
271
177
321
57
355
337
202
355
334
79
277
64
258
69
263
67
355
355
355
355
355
355
305
197
321
49
355
355
355
276
185
355
355
355
262
70
278
58
355
355
272
192
355
355
324
177
284
186
258
183
355
355
355
355
355
355
355
342
207
195
355
355
353
198
355
355
355
296
33
355
355
355
355
355
351
45
355
355
58
327
186
279
61
334
58
262
189
302
186
270
57
276
161
279
185
286
55
297
183
294
57
329
185
271
58
262
33
261
173
283
186
355
355
355
355
275
45
355
320
58
316
186
283
61
335
189
258
58
312
186
271
57
308
185
279
161
267
55
293
183
305
57
342
185
266
58
286
173
261
33
320
186
355
355
355
355
261
45
355
355
279
58
334
186
281
61
346
189
266
58
321
57
257
186
322
185
282
55
292
183
302
57
321
185
271
58
316
186
274
61
338
189
264
58
309
161
269
186
262
57
316
185
298
55
308
173
261
183
269
57
341
185
269
58
311
186
273
61
288
189
328
62
293
190
311
64
312
192
303
65
307
193
296
67
355
334
195
280
65
307
50
265
57
310
193
289
69
344
185
282
65
259
197
348
193
256
64
327
192
283
57
260
62
283
190
257
185
318
64
304
192
310
57
256
65
291
185
257
193
307
69
340
197
266
65
321
193
279
64
284
192
296
178
280
67
261
57
294
185
277
64
309
192
338
195
289
65
301
57
259
50
275
193
289
69
349
185
287
65
355
64
268
193
306
192
300
57
256
62
289
190
256
185
307
64
260
197
316
192
308
65
257
57
287
185
260
193
306
69
347
70
262
197
321
198
304
64
293
192
261
69
274
57
288
185
293
64
302
192
288
197
301
65
297
57
261
193
288
69
333
178
278
65
355
261
64
285
193
273
192
290
45
265
62
271
173
274
190
305
64
264
197
313
192
294
50
65
278
185
261
178
267
193
303
69
301
197
287
65
309
193
283
64
281
192
325
57
262
69
276
185
350
197
256
64
278
192
355
335
74
288
50
259
57
270
65
296
193
327
202
304
185
268
69
295
197
291
65
292
193
301
64
291
192
303
57
259
62
298
185
190
298
64
292
192
314
65
264
57
285
193
264
185
289
69
297
197
309
65
315
193
276
64
302
192
308
69
257
57
295
185
307
64
319
192
263
197
267
178
301
65
274
57
303
193
289
69
352
65
346
193
267
64
304
192
269
45
290
173
259
62
291
190
287
64
300
197
272
192
299
50
261
65
263
185
276
178
277
193
300
69
310
197
286
65
307
193
290
64
280
192
292
57
292
185
266
69
344
65
302
193
355
267
197
274
67
263
52
266
60
260
48
320
195
277
72
355
289
188
279
67
264
180
339
195
281
65
326
193
261
60
264
55
272
64
267
188
277
183
262
192
312
65
327
60
261
52
273
193
309
200
266
67
335
195
259
188
270
72
286
180
275
200
308
67
293
195
289
65
283
193
284
60
269
176
263
55
258
72
270
188
269
183
276
64
291
67
262
192
297
200
318
68
267
195
259
53
258
59
256
48
278
196
283
71
349
68
257
187
300
181
318
67
284
196
267
199
272
195
287
65
258
56
258
59
278
193
259
184
259
187
301
67
301
195
299
68
275
53
261
59
291
187
258
196
261
181
262
71
340
199
264
72
270
68
307
196
263
200
270
67
284
195
308
56
257
74
256
65
258
59
279
184
258
193
258
176
259
187
291
68
323
202
294
196
272
67
274
60
256
48
258
52
284
195
275
74
313
188
291
180
67
305
195
304
65
324
193
262
55
64
263
60
283
183
256
188
260
192
305
65
298
193
312
60
67
256
52
273
202
286
195
285
188
258
72
331
200
262
67
292
195
261
180
297
65
280
193
55
60
278
176
263
188
258
183
279
72
274
64
273
200
261
192
323
48
257
67
268
53
304
195
355
282
77
259
59
355
294
187
269
74
276
181
305
202
284
68
297
196
290
67
278
195
275
59
258
56
288
187
258
184
264
65
277
193
310
67
346
59
256
53
270
195
273
68
273
205
271
187
275
196
292
74
291
181
297
68
257
202
292
196
293
67
281
195
292
176
256
56
261
59
267
71
269
184
261
65
265
187
280
193
282
68
272
199
355
258
196
264
67
266
52
258
48
261
60
292
195
287
72
346
188
257
180
67
354
65
256
195
319
193
266
60
260
55
265
64
268
188
260
183
260
192
327
65
283
200
261
193
294
60
264
67
259
52
301
195
277
188
259
72
282
180
300
200
281
67
340
195
260
65
320
193
293
64
257
60
261
55
284
192
258
188
263
183
313
65
312
193
276
60
270
52
259
67
308
195
282
72
265
188
308
200
262
180
282
67
348
65
260
195
318
60
258
193
277
55
261
188
264
64
276
183
264
176
285
192
312
67
355
308
45
256
69
258
57
273
52
275
195
311
197
288
185
70
334
198
272
69
315
197
286
67
297
57
257
195
259
180
274
173
266
185
263
65
308
193
286
64
302
38
314
166
297
50
264
192
276
178
263
65
355
289
57
288
185
273
193
279
69
355
264
197
262
65
354
64
279
193
300
192
277
62
256
57
285
185
264
190
326
64
312
192
303
65
274
57
281
193
274
185
280
69
311
197
305
65
331
193
259
57
274
64
265
185
326
192
305
69
342
64
311
34
321
46
268
162
271
174
306
197
355
280
192
264
56
264
65
256
58
284
184
261
186
355
298
193
281
70
355
271
65
329
63
270
193
294
191
299
62
270
82
257
74
77
274
80
271
210
268
205
257
202
258
208
267
63
307
190
271
198
276
191
281
65
259
80
271
74
77
276
208
261
205
259
193
258
202
308
70
351
69
281
198
333
63
257
197
299
191
275
70
328
65
256
39
288
167
283
51
284
179
259
198
312
67
259
193
294
58
262
55
275
186
267
183
273
195
256
72
327
200
274
67
350
65
259
195
315
193
261
63
264
82
298
79
258
210
277
191
262
65
256
207
353
193
70
268
79
259
82
273
207
257
210
314
67
283
198
314
65
257
195
306
63
258
193
300
191
278
55
258
58
269
65
266
183
262
186
355
276
68
257
193
283
36
261
58
263
67
265
186
265
196
267
48
273
164
276
176
295
195
258
72
338
200
258
67
338
65
259
195
287
193
282
64
278
82
270
76
257
84
256
79
258
192
271
204
270
65
272
207
256
212
276
210
278
193
270
67
289
76
82
256
84
262
79
264
195
212
265
210
257
204
207
263
72
344
73
280
200
292
201
276
65
297
58
263
193
272
186
277
72
332
67
268
41
271
195
272
169
306
69
274
200
269
57
257
60
280
185
256
188
288
197
271
72
337
69
256
200
322
197
256
67
315
195
263
65
265
81
257
84
259
77
298
212
205
259
193
266
67
263
209
315
195
267
69
277
81
269
77
270
209
270
205
265
197
261
72
339
69
257
200
315
197
268
67
288
57
267
60
262
195
262
185
273
188
267
65
260
72
272
193
309
67
291
200
276
38
288
195
297
50
269
69
269
62
257
60
257
166
283
178
257
188
258
190
329
74
259
197
329
202
261
69
324
197
278
67
297
81
263
195
257
84
262
66
269
78
271
86
266
194
268
206
257
214
260
212
268
209
262
67
304
195
259
86
267
81
265
78
256
84
265
69
262
214
270
212
276
209
256
206
302
197
258
74
341
73
278
202
272
61
260
62
271
189
264
190
256
201
267
60
280
74
258
188
330
69
269
43
280
171
296
197
286
202
294
70
259
62
261
58
271
190
262
186
289
198
266
75
311
203
284
70
328
198
257
69
325
197
257
74
258
82
260
86
262
67
264
79
260
214
266
195
271
210
289
69
284
207
256
202
294
79
272
70
260
82
273
197
258
86
256
207
214
260
210
306
74
261
198
328
70
280
202
289
69
257
198
277
62
272
58
275
190
256
186
262
197
269
74
259
67
277
195
300
69
285
202
276
40
289
197
308
52
278
71
264
168
62
260
64
264
180
272
190
262
192
315
76
260
199
330
71
270
204
309
199
256
69
310
86
268
68
256
88
258
197
260
80
288
208
256
216
267
196
272
69
268
214
309
71
258
88
257
86
268
80
256
83
267
216
264
197
260
214
265
211
264
208
257
199
259
76
278
204
325
77
326
69
259
205
319
59
258
197
269
76
260
187
261
50
257
52
278
180
256
178
289
71
257
204
300
199
344
52
256
40
270
72
258
64
288
168
276
180
258
192
282
200
319
76
327
72
270
204
316
200
258
71
295
84
263
88
260
69
258
81
258
199
289
197
262
212
258
209
260
216
269
71
336
199
257
81
258
72
259
84
262
88
256
216
265
209
261
212
261
83
284
211
276
76
256
200
333
72
281
204
278
71
263
200
267
199
289
60
258
57
64
266
52
263
192
276
188
263
185
265
180
299
88
263
76
270
77
258
204
268
216
264
205
306
81
256
84
274
209
264
212
355
259
48
258
45
51
81
258
40
90
258
78
84
286
85
288
168
259
213
269
218
261
173
266
176
267
179
258
206
277
212
256
209
355
297
78
269
66
261
206
283
194
291
60
274
72
305
200
284
59
71
257
188
300
199
279
187
57
69
277
197
300
71
261
59
270
185
301
187
261
199
256
72
266
60
292
200
188
267
78
268
66
266
206
271
194
307
52
264
88
256
78
266
64
272
216
273
206
277
180
259
192
262
60
265
80
256
208
257
84
266
81
282
209
257
212
286
54
256
75
257
188
261
63
259
87
261
85
257
82
257
203
264
191
261
210
259
213
260
182
264
81
258
84
270
215
268
83
256
209
284
211
289
212
296
47
260
40
76
257
52
88
257
80
286
168
256
175
279
216
259
180
264
208
267
204
355
270
64
259
76
279
204
256
192
306
59
265
71
288
187
278
57
271
199
69
324
185
264
64
256
197
257
68
258
52
269
56
284
192
261
196
269
180
256
69
260
57
268
184
285
185
257
59
269
71
263
197
288
187
269
64
256
76
279
199
265
74
287
192
204
202
259
68
258
59
266
56
262
196
289
187
261
184
280
64
281
192
280
59
256
56
259
52
274
187
260
184
257
180
76
88
271
204
274
216
275
54
292
81
256
182
262
84
265
209
298
212
315
81
281
90
256
209
81
256
51
84
256
45
48
256
40
256
78
316
168
271
173
259
218
262
176
270
179
269
212
259
206
257
209
355
282
78
268
66
267
206
277
194
298
60
267
72
326
200
259
59
259
71
258
188
308
199
262
56
264
187
263
69
260
184
258
57
299
197
272
59
71
278
185
289
187
261
199
258
72
256
60
312
200
257
188
268
78
259
66
274
206
263
194
315
52
261
64
261
88
261
76
270
204
275
216
263
192
268
180
273
60
268
81
256
84
297
212
264
209
273
188
267
63
264
75
87
277
54
262
191
276
203
256
81
265
84
258
182
268
215
266
209
355
258
212
312
47
258
88
263
40
256
76
80
257
52
311
168
261
175
264
216
266
180
263
208
267
204
355
271
76
269
64
260
204
279
192
302
59
259
71
298
199
258
187
282
57
260
69
314
197
276
185
260
68
258
64
256
52
274
56
278
196
192
277
180
257
57
267
69
258
184
298
185
262
59
270
71
279
197
267
187
286
64
76
268
199
291
192
274
204
263
59
256
68
275
196
276
56
272
187
284
184
266
64
309
192
271
59
279
52
56
286
187
266
180
88
263
184
257
76
274
216
204
308
83
290
211
355
355
291
88
260
85
257
76
260
79
258
33
260
46
355
295
161
270
216
291
174
303
213
287
207
280
204
355
292
64
261
76
295
204
279
192
294
58
273
70
321
186
261
198
260
57
256
69
310
197
258
185
264
55
281
67
303
195
276
69
257
57
271
183
296
58
256
185
283
70
256
197
293
186
257
64
274
198
266
192
267
76
276
204
302
52
262
62
263
86
267
74
292
214
202
263
190
281
55
259
79
285
180
261
58
276
183
257
207
256
186
273
61
275
85
256
73
257
189
268
52
271
55
258
58
263
201
257
79
259
180
263
186
257
183
277
213
265
82
264
207
295
210
355
271
86
260
33
77
258
45
256
74
258
81
289
161
290
214
258
173
270
205
256
209
278
202
355
260
74
260
62
273
202
269
190
310
57
258
69
306
185
197
285
67
256
55
304
183
256
195
264
50
270
62
267
65
283
193
260
190
258
53
262
178
277
67
264
55
287
183
256
181
268
57
269
195
256
62
269
69
256
190
280
185
278
62
277
74
287
190
265
72
256
200
273
202
260
57
274
197
259
65
261
53
260
185
270
193
270
181
275
62
288
190
266
57
272
53
276
50
262
185
263
74
86
260
181
263
178
258
202
266
214
326
81
277
209
352
33
261
46
88
257
85
257
79
257
89
256
76
81
256
77
275
161
280
174
257
217
262
216
266
209
258
213
256
207
261
204
205
355
302
76
258
64
279
77
258
204
268
192
277
205
272
58
70
325
186
259
69
260
57
264
198
303
197
55
262
185
268
67
329
57
256
69
274
195
266
183
275
58
259
185
279
70
264
197
290
64
264
186
271
76
259
198
279
204
260
192
315
52
264
62
274
86
261
74
274
214
258
202
264
190
284
180
260
55
80
267
58
277
208
272
79
257
186
256
183
274
207
267
61
276
85
257
73
261
189
258
52
271
55
261
201
257
58
261
180
262
183
266
79
261
213
256
82
269
186
259
207
309
210
353
86
258
77
259
74
257
45
256
81
256
38
259
50
309
166
260
173
267
214
267
178
264
209
263
205
265
202
355
280
74
258
62
283
202
263
190
310
69
257
57
289
197
272
185
282
55
259
67
301
195
265
183
274
50
260
65
265
62
286
193
262
190
267
178
260
53
273
67
260
55
278
181
264
183
283
57
268
69
257
195
280
185
292
74
256
197
266
62
275
72
272
190
264
200
261
202
280
57
259
65
274
193
271
185
263
53
301
181
273
62
284
190
275
57
279
53
317
50
271
185
262
86
261
74
267
181
258
178
259
202
270
214
309
81
261
77
283
205
259
209
355
355
351
74
260
86
260
82
258
31
257
77
260
43
355
292
214
274
159
294
171
261
210
272
205
271
202
355
317
70
261
58
277
198
271
186
323
53
285
65
298
181
274
52
270
64
274
193
294
192
273
180
262
50
274
62
291
190
292
64
270
53
310
192
264
65
262
62
261
181
262
58
261
178
282
186
260
190
266
193
287
70
284
198
304
64
260
52
270
88
260
76
262
86
261
180
264
204
214
269
216
287
192
258
55
258
58
263
82
273
52
276
210
260
180
256
183
186
294
77
256
89
328
82
306
210
259
205
259
217
308
33
45
258
89
257
81
257
77
258
86
279
161
265
217
270
214
262
173
261
209
260
205
355
296
69
263
57
290
185
261
197
294
65
258
53
327
193
262
181
257
64
260
52
300
192
277
62
270
180
258
50
280
190
286
64
276
192
52
269
178
329
180
292
62
256
53
257
86
263
77
261
214
269
57
256
205
261
190
305
185
323
62
273
69
286
190
259
57
257
65
257
197
303
193
268
64
275
192
257
50
285
185
277
178
285
181
260
86
263
74
282
202
300
214
263
77
259
79
279
207
256
205
327
79
262
86
256
77
259
34
257
46
258
74
277
162
174
278
214
269
207
261
202
258
205
355
305
67
281
195
306
53
257
65
267
55
283
181
256
183
260
193
279
64
260
52
297
192
274
180
269
62
261
53
261
50
286
190
285
64
261
178
50
301
181
261
192
65
264
178
55
269
62
268
183
270
190
279
193
260
67
274
195
332
52
267
64
264
76
259
88
268
204
284
180
265
216
256
192
284
79
275
55
266
207
267
52
278
183
261
180
268
77
257
89
283
79
264
205
285
207
79
294
217
260
207
327
45
257
81
257
33
257
89
259
77
267
86
260
161
258
205
261
209
257
217
259
87
257
214
256
173
263
215
355
314
69
262
57
276
197
267
185
300
53
262
65
305
193
256
181
280
52
64
301
192
263
180
50
270
62
297
190
266
53
257
178
277
64
283
181
275
57
276
192
256
62
259
65
268
185
286
190
257
53
273
193
261
181
262
50
257
69
286
65
258
178
304
67
265
197
264
64
259
193
261
62
266
192
257
195
265
190
265
57
306
53
288
185
279
181
262
86
257
74
274
202
264
76
256
204
263
214
306
81
277
77
270
209
270
205
355
263
74
257
86
258
31
43
258
82
287
159
288
214
259
171
282
210
262
202
355
275
70
269
58
270
198
276
186
288
53
269
65
304
193
262
181
260
52
272
64
307
192
267
50
260
180
265
62
298
190
273
52
259
178
263
64
289
53
274
180
273
192
262
65
261
181
50
258
62
282
178
273
193
256
190
300
70
256
198
320
64
256
52
270
88
256
76
275
204
256
180
280
216
264
192
271
82
268
58
256
55
281
210
280
50
259
186
183
276
178
77
256
89
326
82
270
205
309
217
259
210
304
45
260
33
258
77
81
86
89
281
161
279
217
268
173
257
214
266
205
265
209
355
305
69
258
57
282
197
258
185
311
65
258
53
315
193
258
181
260
64
259
52
307
192
272
62
267
50
256
180
283
190
290
64
268
52
266
192
265
178
322
180
288
62
256
53
264
86
257
77
268
214
258
205
274
190
351
57
261
52
280
185
69
257
181
297
65
257
62
267
197
268
180
272
190
268
57
260
193
263
64
278
53
261
192
305
50
276
185
270
181
277
178
86
260
74
273
202
264
76
256
214
204
307
81
274
209
355
355
303
93
257
85
261
33
45
79
81
257
40
355
344
221
267
161
336
168
280
173
303
213
276
209
257
207
355
325
57
256
69
304
197
258
185
292
52
270
64
298
180
263
192
274
50
277
62
301
190
260
178
260
49
295
61
277
50
258
177
284
189
266
62
294
190
270
178
258
52
262
49
274
61
258
64
310
180
256
189
265
192
260
177
263
57
291
69
261
185
259
68
293
52
261
64
274
197
299
49
261
196
180
263
61
256
192
279
189
272
177
262
57
289
45
273
185
274
52
273
49
290
180
261
177
258
173
269
88
257
76
271
204
268
216
310
85
258
81
283
209
271
213
315
81
296
86
89
256
77
256
209
81
256
45
257
38
50
319
166
264
217
258
173
267
214
273
178
261
209
268
205
355
303
69
258
57
281
197
264
185
296
65
257
53
286
193
264
181
293
64
256
52
302
192
295
180
258
50
269
62
296
190
273
178
264
53
279
64
274
192
303
181
292
57
263
65
256
62
274
50
273
185
258
190
268
193
264
53
280
69
281
181
283
178
269
65
291
197
285
62
64
270
193
258
192
269
190
268
57
308
53
269
185
272
181
264
86
257
74
271
214
257
202
261
84
256
212
309
81
280
77
259
209
282
205
316
31
43
256
77
257
82
86
256
74
278
159
275
214
256
171
262
202
261
210
261
205
355
292
70
280
198
261
58
284
186
288
53
263
65
296
193
266
181
280
52
261
64
301
192
295
180
50
261
62
296
190
282
178
273
52
274
64
275
53
256
192
313
180
275
65
262
62
261
181
261
50
277
58
266
193
257
178
266
186
276
190
259
70
275
198
323
64
267
52
271
76
257
88
265
180
264
204
263
216
262
192
276
55
257
58
270
82
264
52
276
180
258
186
256
183
258
210
309
77
89
336
205
82
287
210
270
217
275
33
45
269
89
259
77
86
258
81
262
161
271
82
256
210
256
173
261
217
256
205
259
214
256
209
355
317
69
261
57
280
197
270
185
287
65
264
53
320
193
259
64
261
181
52
306
192
265
62
269
50
259
180
277
190
298
64
269
192
262
178
262
52
336
62
258
86
256
53
267
77
258
214
258
180
271
205
262
190
337
57
288
185
267
69
283
62
273
65
266
197
275
181
261
190
256
57
266
193
258
64
277
192
291
50
273
185
274
53
264
178
270
86
260
181
74
273
202
264
214
294
81
278
209
257
79
279
207
355
336
93
257
85
258
33
45
258
81
258
79
256
40
355
285
161
283
221
270
168
275
173
317
213
260
209
263
207
355
355
287
69
260
57
276
197
292
185
287
52
264
64
311
192
266
180
273
50
281
62
292
190
297
178
264
49
265
61
290
189
292
177
265
62
257
50
299
190
355
258
178
61
256
64
265
49
270
52
279
189
329
180
279
192
262
57
257
69
277
177
301
185
295
64
258
52
258
197
337
180
269
49
259
61
272
192
263
189
317
177
275
45
275
57
290
185
352
52
85
257
73
280
201
261
49
271
213
285
173
258
180
278
177
266
80
259
75
276
208
263
81
267
203
355
261
209
355
355
298
86
261
74
260
77
262
81
257
38
262
45
259
50
355
355
333
214
322
166
274
178
272
173
280
209
288
205
355
296
202
355
355
331
69
355
322
65
327
197
297
64
265
193
312
192
289
62
289
190
317
64
294
192
306
65
318
193
286
69
288
197
300
65
311
193
286
64
291
192
294
62
292
190
308
64
309
192
298
65
274
50
258
57
300
193
289
69
314
197
263
185
281
65
307
193
279
64
315
192
295
62
270
57
279
190
270
185
292
64
311
192
312
65
267
57
308
193
258
185
292
69
315
197
288
65
326
193
277
64
317
192
291
57
257
62
258
178
284
185
257
190
312
64
355
269
192
275
65
261
57
263
50
305
193
309
69
269
185
318
197
279
65
329
193
272
64
320
192
288
57
265
62
279
185
265
190
318
64
331
192
279
57
270
65
276
185
285
193
319
69
355
260
65
264
197
353
193
292
178
263
64
286
192
312
67
273
57
293
185
355
355
285
65
258
195
259
50
270
57
320
193
266
69
355
289
185
313
65
355
256
64
294
193
296
192
291
62
273
57
279
190
272
185
294
64
273
197
306
192
288
65
271
57
275
193
273
185
312
69
332
70
283
197
304
198
286
64
277
192
306
69
288
57
291
185
314
64
314
192
293
197
280
65
289
57
288
193
285
69
355
274
65
260
178
355
278
64
292
193
273
192
280
45
272
62
264
173
283
190
314
64
334
197
265
192
266
50
271
65
282
178
272
185
256
193
304
69
340
197
265
65
323
193
269
64
283
192
336
57
256
69
288
185
324
64
266
197
269
192
355
355
304
74
292
50
257
65
274
57
332
193
355
256
202
185
275
69
327
197
297
65
302
193
303
64
302
192
272
57
276
62
276
185
274
190
314
64
300
192
279
57
280
65
281
185
276
193
317
69
319
197
274
65
347
193
267
64
301
192
289
69
270
57
293
185
308
64
350
197
192
304
65
256
57
322
193
299
69
314
178
288
65
355
264
64
259
193
308
192
269
45
277
62
267
173
273
190
314
64
317
197
261
192
279
50
266
65
306
178
193
291
185
258
69
355
259
65
349
193
261
64
308
192
270
45
264
57
265
62
273
173
264
185
266
190
310
64
273
197
308
192
276
50
257
57
262
65
294
178
263
185
261
193
300
69
344
65
316
197
293
64
275
193
315
192
268
45
257
57
264
62
305
190
266
173
259
185
311
64
334
192
311
65
264
57
261
50
320
193
257
185
315
178
339
65
355
286
64
280
193
348
192
261
45
257
57
317
62
300
173
268
190
281
64
258
185
355
283
192
355
355
355
353
65
270
50
257
57
355
355
355
355
290
193
309
185
355
355
331
178
