355
355
355
355
355
355
272
40
355
317
168
260
47
320
175
311
55
294
183
314
54
290
182
284
55
297
183
289
52
295
180
269
55
299
183
282
52
322
180
269
51
307
179
268
55
291
183
277
51
325
179
257
50
299
178
273
52
313
180
268
50
309
178
272
49
299
177
265
52
300
180
270
49
322
177
266
48
313
176
265
49
305
177
259
48
311
176
275
47
308
175
271
48
320
176
267
46
324
174
269
47
342
40
259
175
353
168
260
47
294
175
324
55
294
183
276
54
290
182
271
55
294
183
287
52
300
180
283
55
296
183
274
52
318
180
268
51
293
179
263
55
300
183
275
51
304
179
267
50
309
178
266
52
303
180
273
50
312
178
267
49
292
177
281
52
292
180
276
49
314
177
260
48
312
176
272
49
289
177
262
48
320
176
265
47
317
175
270
48
312
176
265
46
329
174
261
47
59
301
187
299
67
257
175
64
256
40
355
264
168
263
47
304
175
294
55
300
183
287
54
304
182
287
55
282
183
300
52
296
180
282
55
295
183
267
52
325
180
261
51
302
179
269
55
290
183
278
51
308
179
258
50
312
178
268
52
295
180
280
50
315
178
259
49
307
177
270
52
288
180
277
49
328
177
266
192
48
304
176
277
49
300
177
262
195
256
48
316
176
265
47
315
175
264
48
317
176
261
46
329
174
264
59
259
47
293
187
301
67
257
175
256
64
258
40
355
258
168
257
47
297
175
295
55
289
183
301
54
300
182
285
55
294
183
276
52
302
180
285
55
291
183
284
52
299
180
274
51
309
179
268
55
293
183
266
51
318
179
257
50
307
178
278
52
293
180
285
50
313
178
265
49
307
177
276
52
289
180
266
49
260
192
312
177
267
48
316
176
272
49
277
195
266
177
272
48
310
176
270
47
308
175
270
48
316
176
260
46
327
59
259
174
263
47
288
187
302
67
257
64
268
175
256
40
354
168
271
47
286
175
298
55
290
183
293
54
325
182
277
55
285
183
296
52
295
180
269
55
294
183
266
195
257
49
309
177
274
48
277
192
258
55
261
176
317
183
263
48
339
69
257
66
264
47
267
176
272
194
275
197
299
71
256
175
256
40
257
67
310
69
277
168
274
47
256
197
287
175
291
55
305
183
291
54
268
195
302
182
273
55
281
199
271
71
291
183
262
52
355
258
69
256
45
260
66
259
199
290
180
305
194
276
197
288
52
261
173
317
180
306
67
259
60
258
64
298
192
267
195
262
188
276
59
328
187
267
69
256
60
257
66
305
188
267
57
274
194
264
185
265
197
355
304
40
271
71
258
67
355
272
47
275
168
279
175
315
55
300
183
288
54
295
182
279
55
288
183
287
52
301
180
285
55
302
183
271
52
304
180
51
311
179
268
55
290
183
273
51
315
179
265
50
305
178
274
52
299
180
281
50
314
178
273
49
293
177
270
199
260
52
260
195
283
180
279
49
321
177
262
48
314
176
272
49
294
177
258
48
323
176
264
47
308
175
274
48
304
176
259
46
320
64
267
47
258
174
291
175
264
192
355
298
33
256
45
322
67
259
60
267
161
289
173
355
260
52
294
180
278
55
262
188
293
183
268
54
321
182
273
55
284
52
280
183
312
180
269
60
313
55
299
188
259
183
289
52
305
180
270
54
313
182
258
55
311
183
52
283
180
59
289
195
355
283
47
259
35
312
63
263
57
265
163
262
187
282
175
322
185
290
54
313
182
285
57
296
185
264
55
322
183
264
57
321
54
258
185
306
59
281
182
281
191
289
57
277
187
317
185
268
54
325
182
265
55
339
183
264
57
326
54
256
185
278
182
261
64
355
267
192
338
40
313
64
264
55
348
183
271
47
260
168
295
175
311
55
299
183
287
54
289
182
280
55
291
183
297
52
259
192
282
67
270
180
284
55
283
195
259
183
266
64
277
52
280
192
271
63
260
180
268
51
286
67
256
191
266
179
273
55
283
63
262
183
271
195
263
51
307
62
256
191
263
50
260
179
296
190
178
257
64
279
52
297
180
261
192
256
62
269
50
289
190
267
61
265
178
260
49
288
189
258
64
258
177
281
52
291
180
261
192
264
49
257
61
286
189
278
177
258
60
264
48
285
188
274
61
257
176
284
49
278
189
258
48
258
177
265
60
286
188
266
176
264
59
261
47
295
175
263
187
260
60
267
48
284
176
272
188
258
46
58
323
186
257
59
257
174
268
47
298
187
266
40
256
175
262
52
295
180
283
168
279
47
257
59
280
175
257
187
296
67
258
55
284
183
257
195
291
54
263
66
283
182
271
194
261
55
67
290
183
280
195
263
52
266
64
281
180
278
67
257
55
256
192
294
183
271
195
260
64
258
52
305
192
258
63
258
180
268
51
289
179
257
67
258
191
264
55
309
183
260
51
260
63
256
195
305
191
263
62
258
179
50
302
178
260
190
260
64
281
52
286
180
265
192
258
62
266
50
291
190
267
61
267
178
265
49
285
189
261
64
258
177
289
52
277
180
260
192
265
61
263
49
274
189
289
60
261
177
268
48
270
188
285
61
264
176
278
49
274
60
256
189
266
177
260
48
292
188
273
176
265
59
259
47
289
187
272
60
259
175
271
48
270
188
290
176
258
58
268
46
271
186
304
59
266
47
259
174
293
187
355
264
40
258
67
259
64
266
175
355
277
168
264
47
297
175
299
55
292
183
288
54
307
182
256
195
279
55
292
183
279
52
276
192
268
67
271
180
296
55
275
195
267
183
261
64
276
52
267
192
273
63
263
180
267
51
289
191
256
67
261
179
271
55
289
183
261
63
261
195
269
51
293
62
258
191
265
179
264
50
293
190
259
64
256
178
284
52
288
180
264
192
261
62
265
50
292
190
265
61
267
178
261
49
292
189
259
177
257
64
283
52
284
180
266
192
260
61
256
49
294
189
274
60
260
177
262
48
276
188
287
61
281
176
269
49
278
48
258
60
256
189
266
177
288
188
268
176
258
47
259
59
301
187
259
175
277
48
257
60
289
188
264
58
265
176
268
46
259
186
308
59
264
174
257
47
290
187
302
67
258
64
265
40
266
175
351
168
271
47
290
175
291
55
287
183
306
54
290
195
259
182
296
55
283
183
297
52
262
192
277
67
267
180
291
55
271
195
261
183
269
64
265
52
276
192
279
63
256
180
276
51
274
191
262
67
260
179
269
55
293
183
267
195
63
263
51
300
179
260
191
258
62
263
50
293
178
264
190
259
64
278
52
292
180
260
192
257
62
270
50
285
190
266
61
271
178
258
49
288
189
264
177
64
284
52
284
180
262
61
256
192
258
49
307
189
271
60
257
177
265
48
274
188
285
61
283
49
272
176
266
60
260
48
261
189
265
177
285
188
260
176
264
47
261
59
311
175
187
256
60
271
48
278
188
273
58
263
176
265
46
267
186
307
174
59
259
47
305
187
347
40
284
175
269
67
257
64
355
309
47
265
168
287
175
311
55
298
183
277
54
320
182
274
55
291
183
282
52
287
180
288
55
284
195
265
183
276
49
316
192
265
177
270
55
324
183
257
48
311
69
258
66
297
47
257
194
256
176
273
197
351
40
269
71
262
67
268
69
256
197
258
175
331
47
264
168
297
175
294
55
315
183
264
54
301
195
289
55
265
182
271
52
256
183
279
180
355
314
38
272
69
263
66
281
199
339
166
257
194
311
50
307
178
291
67
259
197
256
64
288
60
296
188
284
59
332
69
258
187
66
261
195
50
268
192
279
178
355
338
43
291
71
260
67
279
194
280
197
322
50
274
171
318
178
279
59
296
187
297
57
277
199
300
185
271
59
294
187
279
55
271
195
272
71
263
183
300
59
273
199
262
187
260
67
271
55
275
195
274
66
258
183
262
54
288
194
182
260
71
272
59
288
187
268
54
66
262
199
312
182
65
257
194
264
53
286
181
264
67
257
193
277
55
288
183
272
53
259
195
258
65
318
64
257
193
263
181
263
52
287
180
270
192
259
67
261
55
290
183
268
52
268
64
262
195
300
192
259
180
63
260
51
303
191
64
256
179
285
52
286
192
258
180
266
63
261
51
299
191
266
179
265
50
264
62
310
190
269
178
259
51
303
49
270
179
306
177
267
50
262
69
282
178
355
334
45
258
33
307
64
258
72
256
60
286
197
257
161
278
173
355
289
188
262
52
298
180
278
55
295
183
266
54
331
182
270
52
282
55
265
180
272
60
259
192
276
183
301
188
279
52
291
180
55
327
183
261
54
257
200
326
52
257
182
286
55
270
180
268
183
265
71
355
333
47
257
35
332
63
75
256
69
273
199
257
163
279
175
355
299
54
300
182
291
57
258
191
298
185
266
55
325
183
279
57
291
185
272
54
296
182
267
63
317
197
288
57
267
203
307
185
264
54
320
191
275
182
256
55
340
183
258
57
339
185
259
54
276
64
76
265
182
262
67
276
195
355
299
192
279
204
296
40
261
28
353
67
256
64
257
76
292
156
289
168
309
192
277
204
276
195
316
47
354
175
295
55
338
183
291
54
347
182
262
55
355
256
52
335
62
262
67
286
180
258
183
293
195
276
76
274
55
312
190
264
204
260
79
302
207
260
52
272
183
262
78
281
60
261
180
284
79
261
206
294
55
264
188
261
207
279
52
256
183
264
76
272
180
328
204
282
86
260
74
264
76
256
40
298
204
294
47
267
168
284
214
262
202
175
257
79
300
55
279
76
262
183
268
207
289
84
262
72
261
54
263
204
303
200
258
212
256
182
263
79
256
55
315
207
258
52
76
269
75
275
183
267
204
264
67
261
62
277
180
257
203
290
195
277
76
260
55
281
190
269
79
259
204
281
52
270
183
260
207
284
78
264
60
263
180
295
55
256
188
261
206
263
79
265
183
52
292
180
257
207
272
76
293
204
277
71
258
40
83
341
168
259
211
265
76
260
199
290
52
270
72
266
204
258
180
306
69
257
81
260
200
258
51
292
197
275
179
259
76
256
209
265
52
267
53
281
181
72
263
48
259
204
276
180
274
200
59
264
64
268
176
274
192
291
72
276
52
256
187
271
200
256
76
273
48
262
180
282
204
265
75
260
57
259
176
306
185
259
203
257
52
266
76
280
180
263
48
256
204
262
72
268
176
262
200
305
83
257
71
257
40
340
199
256
211
168
260
76
297
204
257
52
266
72
268
180
282
200
264
69
261
81
258
51
294
197
270
76
265
179
258
209
258
52
288
72
267
204
268
48
283
180
265
200
64
264
59
281
176
273
192
283
72
270
52
264
187
261
76
256
200
287
180
48
270
204
264
75
289
57
287
185
259
203
259
76
257
52
282
180
266
176
262
204
257
72
329
200
79
259
40
67
316
168
267
48
280
207
258
176
264
72
260
195
301
57
258
200
257
69
282
185
300
77
256
65
260
197
263
59
291
193
264
187
272
72
261
60
267
205
276
200
260
69
263
57
266
188
272
197
282
185
67
322
69
273
60
266
195
260
197
267
72
260
57
286
188
276
200
261
71
265
60
280
64
262
188
274
72
256
185
258
199
192
295
69
265
200
297
64
258
76
258
40
266
197
278
47
264
168
281
175
278
204
258
69
261
192
258
54
286
182
275
66
273
197
272
56
269
75
267
63
256
194
289
184
264
57
275
191
256
69
262
203
290
54
259
197
263
66
265
185
286
64
279
182
261
194
287
55
262
69
268
57
266
192
287
197
66
268
54
284
185
256
194
279
183
68
260
182
258
63
282
69
271
57
261
191
264
54
264
197
262
66
256
196
261
185
268
182
280
194
347
40
272
76
258
67
261
64
274
47
266
168
284
175
301
55
284
183
259
204
287
195
275
54
298
192
182
264
55
327
52
311
62
262
64
270
180
283
183
266
192
273
67
286
195
55
277
190
66
309
194
268
67
277
52
258
183
259
195
287
60
276
64
292
188
301
180
260
192
355
257
74
257
40
329
168
276
67
267
47
297
195
259
175
55
284
64
261
183
290
192
274
202
260
72
265
54
296
182
274
67
258
55
259
200
297
195
52
271
64
264
183
276
192
272
180
256
62
327
64
261
190
267
55
272
192
270
67
271
52
267
195
279
66
264
60
281
188
275
183
258
67
269
194
261
180
266
195
292
64
276
192
277
40
262
71
324
168
259
64
311
52
261
192
270
60
262
180
285
188
272
51
259
69
291
199
272
179
259
64
258
52
279
197
278
60
256
48
265
192
284
188
272
59
257
176
269
180
321
60
266
187
265
52
267
188
265
64
257
48
269
180
268
192
259
63
276
57
300
185
272
191
256
64
261
52
271
176
261
192
266
180
273
60
292
188
281
71
256
40
331
168
266
64
295
192
261
52
270
60
264
180
284
188
267
199
266
69
256
51
293
179
267
64
260
52
267
197
294
192
258
60
276
48
273
180
188
280
59
256
176
336
60
264
187
265
52
264
188
273
64
264
180
271
63
259
48
259
192
320
191
261
57
268
64
258
52
281
185
256
176
192
259
180
274
60
311
188
291
67
263
40
316
168
267
45
266
60
283
173
272
188
285
48
276
57
269
176
279
185
269
195
256
47
65
303
175
270
60
277
48
257
193
280
188
45
266
57
262
176
284
185
272
173
278
55
297
183
57
279
48
269
185
268
60
274
45
263
176
277
188
283
59
273
53
284
181
263
187
48
277
57
258
173
260
176
283
185
279
60
272
188
275
64
262
40
306
168
256
57
269
42
286
170
263
185
286
45
264
54
283
173
283
63
257
182
264
44
273
192
287
172
275
57
276
45
276
191
264
42
262
185
257
54
282
173
280
182
257
170
268
52
330
180
267
48
324
176
285
47
278
56
278
175
271
184
282
57
257
51
292
185
274
179
270
54
274
48
280
182
342
176
270
47
355
257
40
272
175
267
64
275
55
326
168
296
47
284
192
257
175
258
183
280
55
318
183
285
54
310
182
282
55
295
183
290
52
296
180
273
55
285
183
273
52
300
180
259
51
294
179
281
55
293
183
270
51
301
179
268
50
290
178
289
52
287
180
266
50
326
178
273
49
295
177
286
52
293
180
264
49
320
177
274
48
312
176
292
49
280
48
261
177
311
176
276
47
318
175
282
48
295
176
272
46
316
174
301
47
355
316
175
324
40
355
355
47
258
168
303
175
338
55
307
183
290
79
272
76
296
54
299
182
330
55
339
52
276
183
338
78
272
204
257
74
274
180
264
58
311
207
258
186
292
59
302
187
301
55
296
76
265
183
261
206
259
72
261
59
263
202
317
187
256
60
283
188
355
269
42
263
71
258
74
273
200
272
204
284
50
261
170
292
178
297
57
295
185
288
72
263
69
267
56
260
199
259
202
291
184
317
57
270
50
273
185
304
71
259
67
268
197
258
178
257
200
280
57
292
185
290
59
320
187
309
69
258
51
258
195
273
66
270
59
269
199
273
179
269
187
302
60
293
188
289
51
282
179
355
285
67
258
64
271
43
261
194
279
197
319
171
280
52
258
195
301
180
316
59
290
187
287
76
271
58
284
192
258
186
296
59
287
187
322
52
306
180
270
45
271
74
272
71
264
204
317
173
52
298
180
281
57
299
185
283
72
274
69
260
202
56
271
199
276
184
281
57
290
185
289
54
319
71
263
67
258
182
257
59
256
200
260
197
291
187
291
60
299
188
310
57
275
195
262
69
270
185
66
272
199
266
62
295
190
287
64
296
60
258
192
291
188
326
64
260
67
264
47
279
197
274
175
285
194
285
57
302
185
285
59
297
187
292
57
308
185
322
59
355
257
47
269
66
256
63
258
187
275
192
277
195
355
334
48
257
175
329
64
355
258
176
260
191
256
194
264
55
286
183
282
60
296
188
300
59
291
187
276
60
293
188
291
57
301
185
291
60
286
188
279
192
262
57
305
185
278
56
287
184
293
60
292
188
66
270
63
261
56
344
184
294
55
353
48
261
67
256
183
258
64
290
194
191
312
176
281
55
289
183
290
60
274
192
278
188
282
59
316
187
268
60
300
188
284
55
337
183
291
68
261
47
256
195
264
64
355
270
56
260
175
315
184
267
192
259
69
261
196
259
60
257
66
299
188
294
59
334
187
264
71
263
197
258
60
256
194
68
290
188
268
56
286
184
268
199
259
196
355
292
45
312
72
271
69
319
173
286
52
287
180
300
60
294
188
284
59
313
187
265
60
314
188
274
57
295
185
282
60
294
188
274
57
303
185
271
56
296
184
265
60
303
188
277
56
297
184
278
55
303
183
287
57
285
185
285
55
314
183
270
54
296
182
290
57
286
185
274
54
265
197
275
200
284
182
269
53
316
181
269
54
310
53
256
182
304
181
268
52
301
180
270
53
319
51
256
181
309
83
269
52
256
71
80
259
179
326
199
298
211
302
208
276
45
296
180
297
81
259
84
257
72
338
52
274
173
278
209
259
180
259
212
310
200
259
60
296
188
277
59
307
187
294
60
263
57
287
185
285
188
273
72
261
57
320
200
261
185
264
69
277
56
276
197
276
68
256
184
274
60
278
196
72
267
188
269
56
291
68
258
200
283
55
256
184
285
196
266
67
259
183
286
57
270
69
257
195
271
185
292
55
269
67
263
197
284
183
261
54
257
195
269
66
278
182
280
194
256
57
265
69
272
185
291
54
268
197
258
66
284
182
265
194
271
53
273
65
276
181
271
193
271
54
265
66
279
182
269
194
269
53
269
65
270
181
284
193
257
52
285
64
265
180
290
192
258
53
280
65
279
181
282
193
256
51
286
63
281
179
302
191
270
52
279
64
344
192
355
260
45
274
180
355
348
52
302
173
264
180
338
57
313
185
352
83
264
59
273
79
296
187
310
60
289
188
304
62
330
190
292
63
258
81
273
207
258
78
302
191
278
64
258
211
315
192
286
66
280
194
277
209
259
79
267
67
262
76
257
206
293
195
280
69
291
197
291
71
324
199
296
62
262
78
270
204
256
69
260
74
297
197
271
207
264
190
62
277
67
301
195
261
190
259
66
297
194
283
76
259
206
268
202
256
64
257
72
288
192
275
77
258
204
267
62
263
76
273
205
298
190
280
60
280
74
273
200
256
204
265
71
263
188
268
59
282
187
302
57
288
185
299
55
257
199
265
72
265
69
265
202
261
183
287
54
273
197
266
182
303
52
289
180
294
50
355
260
178
261
71
261
67
271
43
275
200
324
199
297
50
282
171
267
178
336
55
300
183
270
81
262
78
259
195
300
57
304
185
286
59
288
187
289
60
257
206
278
79
266
76
259
188
285
209
262
61
303
189
292
62
287
190
290
64
278
78
256
192
256
207
256
204
273
74
277
66
274
206
275
194
293
67
281
195
306
69
294
197
262
76
257
202
259
72
281
67
257
60
307
195
261
188
263
66
288
194
312
204
260
64
265
74
260
200
258
71
260
192
285
62
316
190
264
60
313
188
275
59
283
187
261
199
262
69
258
72
276
202
257
57
290
185
323
55
303
54
256
183
296
182
286
197
265
67
71
266
200
277
52
289
180
259
195
300
50
260
199
316
178
298
49
355
257
177
301
48
314
67
257
69
326
176
312
57
326
64
288
192
314
185
257
76
259
79
309
204
284
207
257
59
293
187
280
57
353
185
278
47
272
79
264
75
266
175
269
195
279
197
286
57
315
63
295
191
265
203
273
69
258
67
320
185
266
195
257
197
259
59
291
187
279
57
273
207
281
185
281
67
257
69
257
48
313
176
271
57
354
64
283
192
267
79
256
76
301
204
262
185
207
355
260
57
287
185
279
47
268
78
261
75
265
197
267
195
266
175
304
57
326
63
286
191
258
185
283
69
261
203
259
66
259
206
321
197
287
59
290
194
264
57
266
187
325
185
295
48
266
69
263
65
307
176
273
57
335
62
287
190
273
185
270
77
260
193
256
74
264
197
314
205
262
202
258
59
281
57
260
187
293
185
308
47
274
77
267
74
264
175
305
56
319
62
286
190
273
202
267
68
262
65
266
205
282
184
280
193
277
196
268
57
294
185
276
56
284
184
298
48
261
65
257
69
315
176
268
57
334
62
292
190
256
185
284
77
259
74
261
193
282
197
286
205
269
59
257
202
297
57
258
187
288
185
322
47
261
76
270
74
283
175
294
56
335
62
280
190
300
202
258
68
261
184
64
266
204
334
196
274
192
272
56
332
184
297
47
285
67
257
64
283
175
291
55
320
60
290
188
280
183
281
72
76
263
195
290
204
256
200
298
57
268
55
285
185
272
183
314
45
265
75
270
72
261
192
269
173
300
54
319
60
280
188
295
200
257
66
269
63
262
203
264
182
299
191
259
55
289
194
264
183
258
54
314
182
276
45
275
66
258
63
295
173
276
54
328
59
283
182
266
187
280
71
75
274
194
260
191
323
199
270
55
277
203
273
183
276
54
296
182
288
71
256
74
260
44
344
53
260
172
341
59
264
181
268
62
256
65
260
187
293
199
281
190
330
55
270
53
259
202
274
183
326
181
276
44
265
62
258
64
290
193
316
52
267
172
333
59
285
187
295
180
256
71
260
74
306
199
264
202
283
53
294
181
259
52
310
180
276
43
274
73
257
70
270
192
263
190
263
171
290
52
334
58
264
180
274
186
266
198
260
64
262
201
61
324
189
259
52
296
53
268
192
275
180
280
181
295
43
276
61
257
64
297
171
273
52
335
57
263
180
286
185
294
69
259
73
263
192
266
189
306
197
272
53
281
201
276
181
263
52
290
180
309
42
260
72
256
69
326
170
276
51
331
57
259
179
288
185
271
200
197
281
63
256
60
310
188
295
191
274
52
295
180
269
51
301
179
298
43
285
71
265
67
294
171
285
52
290
180
295
59
291
187
279
195
262
199
267
64
260
58
282
186
257
192
277
59
289
187
279
52
288
180
321
70
262
40
257
67
303
168
270
46
299
174
295
55
282
183
279
195
259
58
264
64
258
198
260
54
276
192
265
182
276
55
264
186
287
183
277
52
286
180
329
69
258
64
266
37
311
45
285
165
269
173
287
52
301
180
288
197
260
192
262
51
258
57
285
179
269
185
283
52
298
180
45
283
173
329
36
263
68
257
64
313
164
267
44
306
172
291
52
298
180
273
192
258
196
262
51
256
56
297
179
281
52
258
184
293
44
261
180
299
172
314
35
260
67
258
64
298
163
303
46
303
174
280
47
288
175
300
192
259
55
258
195
256
46
282
174
291
47
264
183
273
175
281
35
286
163
320
64
257
67
261
61
290
35
298
163
265
45
293
173
285
46
291
174
257
45
278
192
268
173
270
195
262
55
260
189
258
46
305
183
174
297
34
267
32
283
162
261
160
304
67
256
64
257
33
258
60
341
161
260
44
305
172
293
45
291
173
258
192
270
188
257
44
259
195
266
55
284
172
276
183
260
45
301
173
269
33
291
161
310
64
257
67
258
31
59
350
42
267
159
294
170
285
43
286
192
171
284
55
258
187
259
42
278
195
271
183
259
170
286
43
295
171
266
31
299
159
355
346
64
258
58
256
42
67
260
30
355
355
260
186
259
192
257
158
272
170
264
195
355
355
355
355
267
88
263
76
355
278
204
272
91
256
216
79
355
258
207
257
78
267
90
269
219
303
206
272
91
258
218
79
312
207
258
76
265
219
88
283
216
284
204
281
91
257
79
350
207
280
219
256
76
259
88
307
216
277
204
266
75
87
296
215
267
203
265
91
265
79
302
207
271
75
257
87
264
219
304
215
260
203
86
275
74
277
79
260
202
91
259
214
308
207
258
74
264
219
265
86
299
214
261
85
262
202
260
73
282
201
270
213
268
76
88
293
204
280
82
256
70
269
216
270
210
287
198
261
81
261
69
280
209
282
197
261
82
278
70
281
210
275
79
259
68
256
198
277
207
277
196
275
78
276
66
286
206
258
194
257
79
256
67
287
195
280
64
259
207
258
76
304
192
204
266
63
75
298
203
268
191
269
76
256
64
314
70
258
204
267
192
288
198
276
69
284
197
276
70
301
198
271
67
283
195
287
66
310
194
279
67
263
69
271
195
285
197
284
64
274
65
266
63
283
191
260
192
260
193
263
64
328
192
280
59
286
187
57
283
185
282
58
303
186
287
55
283
183
340
55
322
183
256
54
302
182
280
53
282
181
355
260
57
291
185
302
63
265
60
289
188
259
191
292
64
285
192
282
66
261
63
355
284
35
270
67
264
64
278
194
272
191
355
265
163
258
46
299
174
285
47
289
175
283
46
286
174
275
47
284
175
318
46
288
47
266
174
290
175
295
35
328
163
289
46
272
192
265
174
277
47
292
175
287
35
274
195
265
66
264
163
63
292
47
324
67
270
175
260
64
262
194
256
191
272
36
350
46
269
164
275
174
280
47
303
175
275
46
290
174
281
47
288
175
273
46
292
174
284
47
306
175
292
36
309
164
267
192
274
46
278
174
306
47
284
175
268
36
275
195
279
63
256
66
260
164
277
47
294
175
258
191
267
67
256
194
258
64
274
37
328
46
280
192
259
165
280
174
262
195
261
47
282
175
334
49
302
58
276
177
267
186
266
75
256
78
257
66
278
194
284
206
271
79
257
203
67
262
76
258
55
301
195
263
183
282
66
284
204
258
207
271
194
284
67
282
195
292
66
320
194
272
67
300
90
259
87
259
78
287
195
264
64
270
206
288
218
257
215
355
271
76
257
91
259
88
256
79
290
192
307
204
275
67
286
195
269
64
317
192
266
207
263
219
257
66
282
194
256
216
291
67
288
195
297
64
300
192
277
67
298
195
282
64
287
192
282
55
325
183
286
54
297
182
311
55
292
183
286
52
281
58
66
264
180
285
54
279
186
277
182
265
194
355
259
38
286
59
267
67
260
55
355
259
46
259
166
293
174
288
47
290
175
280
46
302
174
288
47
290
175
296
46
285
174
280
47
285
195
265
187
261
175
288
38
288
183
303
166
264
46
287
174
287
47
286
175
290
38
302
166
269
66
266
58
259
54
257
47
270
194
265
182
256
186
272
175
286
59
256
67
256
39
264
55
332
167
46
306
174
283
47
295
175
281
46
293
174
275
47
287
175
298
46
285
174
280
47
294
175
276
195
278
39
282
183
269
187
287
46
263
167
320
174
264
47
301
39
259
175
323
66
259
58
257
167
54
265
47
268
194
261
182
257
186
291
175
259
59
259
55
67
273
40
262
183
264
187
300
195
306
46
278
168
291
174
286
78
258
66
258
75
270
203
258
48
257
194
257
206
296
176
274
50
282
76
260
79
260
67
277
178
257
58
266
195
270
207
260
186
268
204
281
59
278
187
264
67
256
79
256
76
271
55
258
195
269
204
274
207
262
183
303
66
300
90
257
78
256
87
270
194
266
67
274
206
271
195
257
218
258
215
288
66
297
88
259
79
259
91
267
194
261
67
286
216
262
207
260
195
283
219
275
64
355
281
79
91
256
88
258
76
289
192
329
204
256
67
308
195
257
64
316
207
219
256
192
279
66
266
216
270
194
290
67
308
195
275
64
313
192
284
67
305
195
262
64
289
192
278
55
322
183
290
54
286
182
275
55
308
183
282
52
279
180
355
336
36
355
269
164
355
298
55
64
256
60
256
43
67
257
52
355
290
183
279
188
259
180
263
171
195
258
192
355
355
355
355
290
78
257
90
256
66
257
87
256
63
330
206
280
218
283
215
275
194
263
191
268
64
67
256
88
259
79
259
91
293
90
272
195
278
207
260
218
258
219
289
192
262
216
292
67
261
79
256
91
327
195
270
88
257
64
272
219
261
207
307
216
87
258
63
258
192
297
215
274
191
271
91
257
67
79
335
63
259
195
270
87
257
207
258
219
314
215
261
191
267
62
260
86
292
67
91
256
79
257
190
258
214
324
195
259
219
256
86
258
62
257
207
290
214
258
85
279
213
257
61
260
190
284
189
281
79
260
67
321
73
256
61
264
207
257
195
297
201
258
189
261
60
269
72
282
79
257
200
264
188
67
304
195
257
60
72
275
207
279
188
200
258
59
260
71
277
187
257
199
307
55
265
67
311
183
269
59
264
195
262
48
257
47
295
187
258
176
256
57
263
175
267
45
262
185
297
59
283
187
258
57
257
173
265
43
281
171
282
185
55
267
42
285
170
260
183
296
36
355
264
164
352
64
257
43
52
256
55
258
67
256
60
344
183
293
188
268
171
261
192
259
180
279
195
355
355
329
66
266
87
256
63
78
90
328
206
291
218
282
215
191
278
194
266
64
256
88
257
67
257
79
260
91
301
195
267
192
258
207
262
219
288
216
292
67
261
91
256
79
331
195
261
64
88
267
219
268
207
284
63
258
87
263
216
268
192
290
215
260
191
270
67
260
91
257
79
319
63
261
195
264
207
87
277
219
290
191
257
86
257
215
263
62
290
190
259
79
265
91
256
67
257
214
309
195
258
219
258
207
62
86
295
214
269
85
272
213
256
190
258
61
296
189
271
79
256
67
321
61
73
262
195
263
207
293
201
258
189
258
60
261
72
295
79
260
200
261
67
258
188
304
72
259
195
263
60
262
207
264
59
269
200
71
261
188
261
187
267
199
319
67
257
55
319
183
262
59
266
47
271
195
304
175
258
45
266
187
256
57
294
59
265
185
262
47
284
187
270
57
269
175
257
173
263
43
266
185
306
55
271
171
331
183
320
67
262
64
355
295
192
263
62
271
195
310
190
266
63
286
191
291
67
258
64
292
192
281
195
277
61
302
189
269
62
287
190
275
67
261
64
280
192
276
195
276
60
318
188
263
61
289
189
256
67
266
64
282
192
270
195
279
59
273
60
282
187
296
188
285
67
262
64
295
58
261
192
271
195
307
186
267
59
285
187
272
64
257
67
304
59
258
192
270
195
299
187
274
60
287
188
282
67
256
64
280
60
269
192
268
195
313
188
263
61
278
189
280
64
67
296
192
61
272
195
293
62
261
189
290
190
272
67
264
64
319
62
257
192
272
195
293
190
256
63
311
64
260
191
258
67
308
61
257
192
283
195
285
62
256
189
299
45
258
33
265
64
259
190
256
67
304
192
275
60
270
195
277
161
267
173
258
188
269
61
311
64
260
189
262
67
307
61
257
192
279
195
281
62
267
189
279
190
286
46
64
256
34
259
67
317
192
260
59
277
195
302
187
265
60
287
162
258
174
273
67
259
64
260
188
312
60
257
192
261
195
316
61
257
188
314
189
279
63
67
256
47
256
35
340
58
298
191
266
195
292
186
261
59
273
175
300
63
256
67
259
187
344
59
273
191
299
60
260
187
282
195
273
163
355
274
40
259
28
263
52
260
53
284
188
270
156
268
180
264
61
256
189
259
168
258
181
314
59
294
187
271
67
313
195
260
55
283
183
268
65
269
54
310
62
275
55
260
190
256
193
284
183
257
52
271
182
266
180
313
79
265
67
322
76
265
195
256
207
262
64
298
204
273
75
258
192
261
63
291
191
256
79
259
203
257
67
308
195
257
75
259
63
262
207
296
74
258
203
263
191
259
62
288
190
260
202
67
79
321
195
259
74
257
62
265
207
283
73
256
202
261
190
267
201
321
55
263
67
274
183
311
61
261
195
288
189
265
48
256
60
293
188
277
61
272
176
260
49
288
60
256
189
281
188
262
47
256
59
266
177
294
175
260
187
269
60
264
48
289
176
259
58
263
188
320
59
259
186
282
40
261
28
270
52
276
58
263
187
260
156
280
168
257
180
262
186
354
59
274
67
261
187
276
47
265
195
282
66
263
175
286
54
271
55
280
194
259
67
259
183
279
64
261
55
263
195
261
182
258
192
267
52
259
183
276
180
318
67
257
79
324
195
270
64
261
76
261
207
302
204
261
192
259
63
257
75
288
191
271
79
256
67
256
203
308
63
259
195
259
75
270
207
287
191
258
74
261
203
261
62
283
190
264
67
259
79
260
202
295
62
263
195
269
74
261
207
289
73
257
202
258
190
61
274
201
257
189
312
55
289
65
256
67
261
183
275
49
261
195
263
193
61
297
177
266
48
257
189
261
60
314
61
256
176
262
49
285
189
258
48
271
188
262
177
266
59
256
47
261
176
293
175
259
187
275
60
258
48
276
188
265
176
263
58
276
46
266
186
275
45
284
47
260
173
59
71
257
174
271
175
264
187
272
199
355
310
40
258
28
270
79
256
67
256
76
292
156
276
207
268
204
256
168
290
195
355
261
66
266
55
284
183
260
194
261
67
292
54
260
195
269
64
284
182
192
260
55
283
183
262
52
283
180
283
79
293
67
298
195
257
76
266
207
258
64
294
204
258
75
271
63
261
192
264
203
283
79
257
191
265
67
301
75
264
195
267
64
256
207
282
192
261
74
257
203
261
62
287
190
260
67
262
79
257
202
271
195
293
207
267
74
266
60
277
202
257
188
344
53
256
55
282
67
257
183
258
181
279
195
261
61
260
50
289
189
261
178
258
60
261
48
287
188
276
61
309
189
262
60
261
176
260
45
47
276
188
261
173
256
175
283
48
282
59
284
176
256
46
263
187
300
47
278
174
274
175
257
59
258
71
281
187
276
199
355
308
41
261
40
261
28
76
257
29
79
257
67
275
156
274
157
261
207
257
204
262
168
268
169
267
195
334
66
299
67
275
194
53
269
52
268
64
260
55
256
195
183
271
180
258
192
263
181
352
79
297
67
269
207
277
195
274
64
281
63
260
192
315
191
259
67
294
63
258
195
267
62
262
66
260
78
274
190
266
191
74
266
194
284
67
269
76
257
202
79
258
69
268
74
273
62
268
202
260
206
271
204
197
267
207
256
195
270
61
257
190
279
189
308
55
313
183
273
49
300
76
257
64
259
72
268
177
48
260
192
318
79
256
67
262
49
278
77
267
47
271
176
271
177
270
200
271
204
259
175
260
207
271
205
266
195
48
292
176
262
46
304
45
269
47
274
173
283
175
267
174
273
63
257
75
257
71
323
191
293
203
355
258
40
257
28
334
76
256
67
257
79
273
156
304
168
355
266
47
295
195
262
175
278
55
287
183
275
199
267
54
312
182
263
55
312
183
268
52
267
204
274
180
261
67
322
195
282
207
304
61
284
189
260
60
332
67
313
195
272
59
260
188
260
58
271
187
257
81
258
69
257
78
259
186
325
197
298
206
268
209
318
40
304
79
259
71
260
83
290
82
310
168
260
47
300
175
256
210
290
55
307
183
268
207
287
54
259
211
288
182
283
55
267
199
297
183
278
52
355
280
180
261
45
277
52
258
78
260
69
256
81
273
180
317
206
272
209
286
197
256
52
269
173
298
180
305
76
260
67
258
79
258
60
302
195
275
188
265
204
207
267
59
334
187
264
60
259
69
81
256
78
260
57
270
188
267
185
274
197
291
209
256
206
355
289
40
260
71
257
83
256
79
301
82
269
207
257
211
273
210
272
199
268
47
276
168
272
175
311
55
281
183
268
66
285
194
264
67
280
54
257
195
283
182
260
64
271
55
268
192
270
183
273
52
279
180
305
79
275
67
319
207
259
195
265
64
76
295
204
277
75
259
192
263
63
286
191
260
203
256
79
260
67
309
195
257
75
268
207
256
63
292
74
261
203
259
191
260
62
282
190
264
202
79
259
67
285
195
279
62
263
74
261
207
291
202
261
73
258
190
259
61
275
201
189
313
55
259
67
280
183
291
195
49
257
61
297
189
259
177
262
60
273
48
271
188
290
61
258
176
278
49
273
60
279
48
280
177
258
189
261
188
260
176
261
47
262
59
286
175
271
187
264
60
258
48
289
176
266
188
264
58
265
46
270
186
298
174
47
273
64
256
59
264
175
289
187
289
192
355
273
33
45
302
67
261
60
300
161
279
173
355
281
52
261
188
304
180
285
55
289
183
271
54
326
182
273
55
309
183
277
60
279
52
303
180
283
55
257
188
314
183
264
54
331
182
268
52
256
55
282
183
269
180
289
59
270
195
355
266
42
309
47
256
170
257
35
320
63
257
57
268
163
264
187
285
175
328
185
284
54
322
182
280
57
300
185
263
55
312
183
284
57
294
185
280
54
286
59
295
182
260
191
307
57
289
187
284
185
271
54
337
182
259
55
333
183
267
57
323
54
259
185
276
182
264
64
355
262
192
355
265
40
258
28
355
260
64
258
55
269
156
295
168
318
183
306
192
350
47
355
279
175
299
55
355
256
183
293
76
258
54
79
81
336
182
276
209
294
55
327
52
264
183
355
258
204
260
78
259
74
268
58
265
180
259
207
305
186
295
59
293
187
301
55
314
76
260
72
260
202
259
206
264
183
261
59
317
187
256
60
282
188
267
55
278
183
326
74
258
71
274
200
42
262
204
302
50
269
170
292
178
290
57
298
185
269
72
258
69
275
202
258
199
261
56
297
184
317
57
270
50
279
185
294
71
266
67
268
200
256
178
258
197
269
57
301
185
284
59
302
187
307
51
266
69
260
66
259
195
276
199
286
59
286
187
295
179
257
60
288
188
330
194
276
67
258
64
274
43
257
197
268
45
316
195
268
171
265
52
289
173
278
180
290
59
300
187
281
76
270
58
264
192
280
186
298
59
287
187
318
52
303
180
280
45
74
267
71
276
204
317
52
257
173
295
180
290
57
296
185
282
72
256
69
258
199
266
56
258
202
306
184
296
57
288
185
284
54
296
197
257
71
258
67
267
200
267
182
59
296
187
282
60
296
188
300
57
282
69
256
195
267
66
258
199
256
63
299
185
266
191
288
60
281
188
330
67
259
194
256
197
64
256
47
324
175
285
57
323
185
268
59
272
192
275
195
257
66
261
63
271
194
257
187
260
191
260
57
313
185
288
59
309
187
260
83
258
47
257
71
274
199
266
175
268
211
355
330
40
261
28
260
91
257
79
258
88
282
85
257
216
258
219
256
30
268
156
263
213
261
207
262
168
268
158
355
267
48
284
176
328
54
79
269
78
278
207
269
76
259
206
264
182
259
204
55
290
52
259
183
283
180
290
91
256
79
259
67
323
64
261
195
266
219
88
266
207
298
87
256
192
216
256
63
286
191
277
67
257
215
259
91
260
79
307
195
265
63
258
207
256
87
282
219
281
62
86
256
215
265
191
275
190
263
67
265
91
260
79
259
214
272
55
278
62
259
195
263
86
258
207
271
219
276
61
85
257
190
256
214
264
183
263
213
258
189
324
85
261
55
261
79
272
183
261
213
278
49
261
207
264
73
295
177
201
263
48
262
72
293
200
285
49
258
73
262
176
272
48
264
72
279
201
265
177
260
176
257
47
273
200
260
71
283
175
274
199
260
48
280
176
268
46
259
70
275
198
272
174
321
84
262
72
276
200
281
212
298
34
302
162
274
40
266
28
284
156
274
168
295
79
257
91
256
40
88
268
28
258
85
273
36
285
213
259
30
260
164
256
156
279
219
260
168
261
216
265
207
257
158
343
47
280
175
270
69
261
55
261
77
273
197
283
183
260
205
54
273
74
279
202
271
182
290
52
285
180
289
77
260
89
91
268
79
266
219
263
207
263
205
295
217
86
275
64
257
63
282
192
273
214
262
191
294
67
271
55
268
85
266
91
256
195
270
219
269
79
261
77
260
213
266
61
269
63
262
207
257
78
260
62
257
205
261
87
88
256
89
260
84
267
190
262
191
212
262
216
256
67
256
206
217
257
183
260
215
266
189
292
62
271
195
79
257
91
264
87
258
88
286
216
257
190
61
256
207
215
258
90
256
218
258
219
285
189
307
55
263
88
259
76
85
270
77
269
205
262
204
261
216
271
213
289
49
261
183
274
91
257
79
261
84
263
87
259
90
256
48
258
219
258
207
264
212
260
215
218
311
87
264
75
84
261
176
264
203
273
88
256
215
258
212
277
216
264
47
267
177
260
79
258
89
91
288
217
256
207
256
219
263
175
277
48
284
86
256
76
265
83
257
85
257
46
84
263
214
77
256
204
266
176
258
213
257
211
265
205
258
212
281
47
257
79
258
91
262
84
266
89
256
87
256
215
259
88
261
174
271
217
257
216
259
219
258
175
207
259
212
355
355
351
47
71
257
83
289
199
258
175
266
211
355
259
87
314
79
257
28
38
91
280
85
262
219
258
90
260
156
264
215
256
213
259
166
256
207
266
40
260
218
288
168
331
71
293
199
277
55
256
79
277
78
264
207
262
54
257
183
293
206
262
182
258
76
329
79
259
204
276
207
285
67
256
79
309
195
256
207
270
61
316
189
269
60
265
67
299
195
274
59
258
188
264
58
267
187
274
186
271
81
262
69
78
298
197
319
206
276
209
302
40
303
79
257
71
256
83
287
82
315
210
258
47
257
168
303
175
294
55
302
183
258
207
283
54
269
211
292
182
261
55
291
199
282
52
258
183
280
180
355
321
38
265
78
260
69
256
81
333
206
274
209
267
166
264
197
260
50
287
178
338
67
257
76
79
292
73
263
60
257
195
272
201
261
207
258
204
289
188
276
59
289
69
78
81
275
187
260
50
275
75
259
178
257
197
288
206
256
203
265
209
355
294
43
259
31
71
256
79
257
83
286
82
269
211
266
159
207
210
267
199
271
171
355
270
62
258
50
291
190
273
71
260
178
261
59
269
199
269
187
280
69
261
57
277
67
260
55
265
197
261
185
259
195
286
183
349
83
273
71
306
199
273
211
265
79
273
67
274
207
258
78
273
195
66
280
71
261
194
256
206
258
83
304
199
263
66
262
78
263
211
271
65
278
77
257
206
260
194
287
71
265
83
260
205
272
64
267
199
276
193
263
192
265
77
261
211
267
76
278
205
263
204
273
59
321
187
264
71
258
53
290
69
256
197
64
271
199
276
181
264
192
261
65
260
63
262
52
281
191
258
193
264
64
309
63
274
192
257
51
270
180
267
62
274
191
265
179
262
50
270
190
304
178
259
51
295
49
289
179
287
50
267
177
266
69
261
57
276
178
297
185
355
285
45
260
33
289
64
72
256
60
290
197
263
161
276
173
355
282
188
263
52
315
180
275
192
261
55
293
183
269
54
329
182
294
52
277
55
278
180
260
60
259
183
312
200
283
55
289
188
264
183
287
52
311
180
259
54
314
182
263
55
312
52
261
183
279
59
256
71
256
180
294
187
278
199
355
284
69
272
47
256
35
288
63
257
75
292
163
279
175
355
294
54
314
182
269
57
263
191
288
185
274
56
317
184
262
57
326
185
295
63
342
197
272
57
334
54
256
185
306
191
258
203
289
56
261
182
322
184
275
57
335
54
263
185
297
182
274
64
76
279
67
278
195
355
300
192
284
204
301
28
257
40
331
64
67
76
305
156
289
168
294
192
276
204
261
195
350
47
355
292
175
276
55
285
183
355
285
66
328
194
276
67
341
64
282
195
299
74
259
79
264
67
281
195
258
192
280
207
292
88
273
202
262
67
256
91
271
216
285
219
274
90
273
195
267
64
265
72
273
91
260
218
272
200
283
219
267
88
256
192
355
260
52
256
98
257
86
291
216
268
96
263
224
267
180
259
59
287
91
262
187
260
226
258
214
285
67
282
88
280
195
256
219
309
66
259
96
257
84
264
216
280
212
281
224
262
194
67
264
91
297
219
262
88
260
64
277
216
268
195
261
79
260
74
286
192
276
207
275
88
269
91
259
67
257
202
274
216
295
219
258
90
262
64
265
72
280
200
276
195
260
91
270
192
261
218
269
88
269
219
303
83
95
265
47
273
216
265
48
271
54
278
175
266
223
268
211
257
182
268
88
286
64
257
216
256
176
84
276
192
285
93
262
212
256
81
261
63
259
83
282
211
259
209
260
221
266
88
274
64
260
191
277
60
261
216
280
84
275
76
260
71
277
212
257
188
259
192
265
72
256
200
263
204
282
88
266
64
259
199
297
216
264
60
260
87
292
192
270
88
269
188
257
215
84
277
216
260
212
309
48
95
257
83
337
223
265
176
211
257
88
267
55
277
216
262
84
262
183
284
64
274
93
256
81
257
212
257
192
276
83
266
63
263
209
258
211
267
88
265
221
284
64
257
84
269
191
258
216
289
76
267
71
264
60
265
192
276
188
256
204
277
88
279
212
199
274
64
278
216
258
87
279
59
60
286
192
267
88
262
188
257
187
256
84
258
215
301
216
304
79
262
91
256
45
278
212
323
219
262
52
268
173
258
207
261
84
269
180
281
81
258
212
294
60
273
77
258
89
259
209
266
188
262
59
292
205
258
84
272
217
266
60
277
81
258
187
259
57
259
212
283
188
267
72
267
185
67
258
209
295
200
268
84
264
195
266
60
290
57
265
212
279
83
278
188
256
81
272
211
278
185
261
84
273
209
269
212
282
76
261
88
263
47
277
86
256
214
290
216
258
175
257
81
266
204
300
78
258
209
298
87
269
75
257
57
263
206
263
56
272
215
272
185
256
81
259
203
265
57
270
184
209
281
54
305
182
64
265
69
261
71
279
197
263
192
199
267
185
272
81
268
57
271
54
265
209
273
80
256
185
298
63
275
182
257
81
260
78
257
208
265
57
262
191
277
185
273
209
338
206
272
40
256
79
266
88
262
74
256
76
276
47
276
168
268
175
258
216
269
207
270
202
204
55
287
183
303
54
309
182
260
55
293
52
69
297
197
260
76
265
79
261
180
256
62
296
183
265
207
257
78
256
204
306
190
276
206
259
79
279
52
266
207
269
76
272
55
259
60
282
188
267
183
279
180
339
86
257
74
274
40
269
204
296
168
276
79
267
214
258
202
283
47
257
55
275
76
271
183
259
207
261
175
297
84
257
54
72
266
204
278
200
260
182
268
212
260
79
256
55
295
207
256
52
312
62
271
67
263
180
279
195
258
69
267
183
275
55
257
76
259
79
263
190
261
197
276
204
263
207
261
52
267
78
276
60
280
188
259
76
266
183
269
180
256
206
257
204
261
79
278
207
282
71
260
83
270
40
325
211
256
76
263
199
260
168
307
52
256
204
256
72
284
180
262
200
264
69
263
81
263
51
269
197
260
209
303
52
262
76
261
179
282
48
267
59
259
204
258
65
275
176
263
180
258
193
297
187
76
258
52
283
48
266
204
278
75
265
59
281
187
257
57
273
76
256
72
265
203
258
180
262
185
264
200
257
176
258
204
317
83
257
71
257
40
274
81
256
209
292
48
263
211
268
199
256
168
76
260
176
284
52
256
204
265
72
271
180
295
69
261
200
260
51
281
197
259
79
263
81
263
71
256
75
270
207
275
203
259
209
258
179
257
199
271
48
262
52
264
50
262
64
256
59
261
176
287
180
192
273
178
263
187
265
76
270
74
260
52
275
204
256
202
260
48
257
75
305
57
257
55
271
76
260
72
260
185
257
183
260
180
256
203
278
176
269
204
298
67
256
79
263
40
268
200
288
168
286
207
266
195
257
47
263
72
286
55
268
69
256
200
266
175
183
290
65
258
77
263
197
258
59
297
193
282
72
261
205
256
60
270
57
69
260
187
256
200
273
197
258
188
297
67
274
185
261
69
300
195
257
60
257
72
265
197
270
57
309
188
200
257
71
265
69
263
185
274
199
275
72
282
197
290
40
257
64
263
65
256
76
264
200
256
47
261
168
272
175
264
193
262
204
286
192
265
54
267
69
273
182
271
66
276
56
261
197
281
75
267
63
265
194
265
57
285
203
259
54
275
66
258
191
271
185
281
64
269
182
194
276
70
265
192
257
57
261
184
261
198
289
54
276
66
274
185
262
63
279
57
260
194
281
191
270
185
264
182
351
40
302
47
276
168
288
76
256
67
256
64
265
55
341
192
259
204
273
195
262
175
329
183
355
325
67
257
64
355
270
192
290
62
256
195
320
190
271
63
291
191
301
64
67
304
192
274
195
61
309
189
273
62
283
190
267
67
261
64
288
192
268
195
260
60
307
61
257
188
307
189
263
64
67
291
59
269
192
259
195
299
187
288
60
290
188
261
67
258
64
269
58
289
192
275
195
289
186
256
59
307
187
283
67
256
64
294
57
268
192
271
195
296
185
263
58
279
186
295
67
257
64
298
58
259
192
268
195
314
186
259
59
315
187
284
67
257
64
352
192
260
195
261
57
307
185
280
58
286
186
281
64
259
59
305
187
271
192
265
52
267
53
286
181
262
180
264
54
279
182
282
55
59
298
183
270
187
268
50
295
178
261
51
282
179
282
52
55
301
180
268
183
277
45
291
173
258
46
283
174
277
52
262
47
48
287
176
258
175
271
180
270
40
313
42
258
168
275
170
272
47
256
43
293
171
275
175
283
38
298
39
260
166
267
167
264
43
259
40
298
168
270
33
263
171
301
34
259
161
291
162
257
36
256
40
286
164
273
168
355
290
28
256
40
339
168
269
156
355
355
355
355
337
67
258
59
64
256
55
88
257
79
83
91
297
61
275
195
265
219
257
216
258
207
256
192
257
183
256
187
189
260
211
