355
355
355
355
355
355
355
301
62
355
353
64
355
355
355
355
355
355
344
190
291
192
355
355
355
355
355
355
355
355
355
355
355
355
355
355
355
355
355
355
341
62
264
64
355
355
263
65
355
326
192
355
355
355
355
355
355
355
355
313
193
297
190
355
355
355
355
355
355
355
355
355
355
355
355
355
355
355
355
305
62
355
354
64
355
355
355
355
355
355
355
355
355
355
355
355
355
355
289
70
355
355
355
355
281
190
276
192
355
355
355
355
355
355
355
355
355
334
62
260
64
355
355
259
65
355
294
192
355
355
355
355
355
355
355
355
355
355
262
72
355
280
198
355
355
355
355
355
335
74
327
200
355
355
320
190
355
329
202
355
355
311
62
355
343
64
327
193
355
355
355
355
355
355
355
355
343
76
355
355
355
355
328
192
280
190
355
355
355
355
355
355
355
297
74
263
62
260
64
355
355
294
65
344
72
355
275
192
355
277
70
355
275
202
268
204
262
200
355
355
300
67
355
355
274
198
355
355
355
325
190
355
355
355
355
355
355
355
287
62
355
355
258
64
355
278
193
355
355
355
355
355
355
355
355
355
318
72
355
284
195
355
355
355
355
271
190
287
192
355
355
355
355
355
355
355
354
62
259
64
293
69
355
355
315
65
307
200
353
192
355
355
355
355
355
355
284
193
355
355
294
190
298
197
355
355
355
355
355
355
355
355
355
355
355
355
326
62
284
43
278
59
259
50
355
306
64
355
355
345
190
355
355
355
355
355
355
355
355
317
69
355
355
355
274
187
316
192
355
327
178
355
355
355
355
282
171
355
355
334
64
269
57
257
41
48
308
43
342
171
265
65
355
304
197
288
192
355
355
355
355
269
185
355
355
355
355
355
267
71
355
355
334
193
355
263
199
355
272
176
355
355
355
355
355
355
355
317
62
280
47
261
55
266
40
355
303
169
281
64
355
280
190
355
280
175
290
168
355
355
355
355
355
355
355
355
301
72
321
200
355
355
311
183
355
270
192
355
355
355
355
355
355
355
355
302
38
256
45
257
64
274
53
258
57
355
324
65
355
258
192
355
332
166
264
173
355
333
181
309
185
355
355
355
298
193
355
259
74
336
202
355
355
355
355
355
355
355
306
76
355
355
355
355
355
355
355
355
355
355
355
355
355
355
355
355
355
355
355
355
355
355
288
72
355
355
355
355
311
69
355
355
355
307
67
355
307
197
286
200
299
204
355
355
267
195
271
64
355
355
355
355
292
192
355
355
355
355
355
355
355
355
306
60
355
355
301
188
355
355
355
355
355
355
355
355
355
355
355
355
355
355
355
355
355
354
62
258
42
260
48
268
58
355
287
64
355
355
355
355
355
355
355
355
342
43
355
355
287
170
355
355
270
192
287
176
355
355
318
186
355
355
355
316
44
258
64
264
59
258
49
355
330
171
279
65
283
190
355
275
192
355
355
355
355
355
355
355
355
355
311
37
355
297
172
355
316
187
301
165
291
177
355
355
355
355
299
193
355
355
355
355
355
311
48
258
62
261
58
256
42
355
332
64
355
342
190
355
355
355
355
355
355
311
43
355
293
170
355
355
283
192
291
176
355
300
186
355
355
355
355
355
257
59
258
64
258
49
259
44
337
171
355
286
65
351
192
355
344
177
355
355
355
355
355
355
355
285
49
345
172
355
355
295
177
329
187
355
355
355
355
355
355
355
355
355
268
58
264
62
355
355
294
193
271
64
355
355
355
355
355
355
355
276
57
355
355
355
355
350
192
282
186
355
355
355
355
355
280
190
258
59
260
64
259
56
260
61
355
355
65
288
185
355
277
192
355
355
355
355
355
355
355
355
260
49
344
184
355
355
295
187
296
189
355
355
322
193
355
355
355
355
355
355
355
268
53
260
62
258
60
355
348
177
64
355
355
355
355
355
355
355
355
355
355
302
59
283
44
355
344
188
355
355
355
353
43
295
192
346
172
321
187
355
355
324
190
355
355
355
299
49
259
64
266
58
267
54
355
355
275
65
320
171
355
268
192
278
181
355
355
355
355
355
355
355
355
355
355
355
355
311
51
355
355
327
177
355
355
355
355
355
355
355
355
321
48
355
355
355
355
355
328
46
355
316
179
336
176
355
286
44
355
299
174
355
272
48
355
326
172
355
270
49
332
176
355
285
193
260
182
319
186
355
355
355
306
65
268
51
257
54
256
58
355
355
331
177
355
355
355
355
355
355
355
355
355
355
355
355
355
355
312
48
355
355
355
355
355
287
46
355
312
176
355
256
179
355
351
44
355
318
174
355
355
278
48
318
186
265
172
355
355
355
355
344
182
355
262
42
260
52
290
66
273
59
269
176
281
193
265
180
314
187
267
194
355
355
286
36
355
355
355
355
355
355
355
355
355
355
355
355
329
76
269
64
317
192
303
204
355
342
170
355
355
355
355
355
355
355
355
331
164
355
324
42
355
355
297
36
355
355
318
170
355
355
355
355
355
355
355
355
355
355
341
80
278
68
355
317
208
260
196
355
355
355
355
355
355
355
355
355
355
355
355
355
355
355
355
355
355
355
355
355
355
355
355
355
355
355
355
355
355
355
355
355
355
355
355
355
355
355
355
355
355
355
355
347
35
355
355
355
355
283
164
355
355
355
355
355
355
355
355
355
355
355
355
355
355
332
34
355
353
162
355
355
334
34
342
162
34
355
355
256
163
355
355
355
355
355
355
264
162
355
355
355
355
355
355
355
355
355
355
355
355
355
355
355
355
355
265
62
355
355
256
64
355
355
355
355
355
355
355
355
333
55
355
355
355
296
190
355
263
192
355
355
355
355
355
256
64
259
62
279
56
355
325
65
355
326
192
351
183
355
355
355
355
355
355
352
58
305
184
355
355
355
291
190
355
339
193
355
355
355
355
355
355
298
62
355
304
186
304
64
355
355
355
355
355
355
355
355
348
72
302
55
355
355
355
355
276
190
321
183
355
355
317
192
355
355
355
355
263
64
279
56
259
62
355
355
257
65
347
192
355
355
355
355
355
355
355
355
355
355
266
68
283
58
355
270
184
305
200
355
343
190
355
315
193
355
276
196
355
355
355
297
62
355
308
186
323
64
355
355
355
355
355
355
355
355
292
55
355
275
76
355
355
355
266
190
355
269
183
355
355
295
192
355
355
343
64
267
56
261
62
355
355
355
268
65
355
258
192
270
74
355
355
349
72
355
355
355
355
275
68
284
58
348
204
271
184
355
257
202
274
200
355
355
318
186
289
190
267
193
355
274
196
355
355
355
355
355
355
355
355
338
62
355
355
276
64
355
355
355
355
355
355
355
355
355
304
76
355
355
355
286
190
269
192
355
355
355
355
355
355
355
312
64
266
62
275
74
355
355
355
258
65
355
288
72
355
270
192
352
204
257
202
353
70
319
200
355
355
355
323
67
318
198
355
355
266
195
355
355
355
355
355
355
330
69
355
339
197
317
190
264
193
355
355
355
355
355
355
355
355
355
355
355
355
283
50
256
62
264
43
265
59
355
355
259
64
355
288
190
355
355
355
355
355
355
355
355
258
171
355
288
69
355
270
178
309
187
355
293
192
355
301
197
355
355
355
355
355
355
355
333
64
270
41
260
57
258
48
355
322
65
355
262
192
355
355
355
294
185
355
355
355
355
355
310
71
355
300
193
302
169
305
176
267
199
355
355
355
355
355
355
355
355
306
62
275
55
265
47
257
40
355
338
64
325
190
355
311
175
264
168
355
355
355
355
355
355
355
355
355
355
293
71
355
274
199
355
355
297
183
323
192
355
355
355
355
355
355
355
355
355
275
64
260
44
260
37
260
53
266
59
355
321
65
332
192
355
355
277
181
187
258
193
355
355
355
355
355
355
355
261
75
355
349
165
280
172
355
355
355
355
355
355
266
71
355
355
258
203
355
355
319
64
292
56
258
59
355
338
65
355
343
73
329
192
290
199
355
355
355
305
70
355
355
291
193
295
201
261
184
302
187
355
355
291
68
306
198
294
196
355
355
355
313
44
269
37
292
64
276
53
276
59
355
294
65
289
181
281
192
279
187
278
193
355
355
259
165
355
355
288
172
323
75
355
355
355
355
355
266
71
355
355
272
203
355
289
64
277
56
270
59
355
293
65
355
309
192
283
73
355
355
355
299
199
343
75
355
296
201
311
193
302
184
268
187
355
306
77
309
203
276
205
355
355
355
340
38
307
64
279
60
256
54
355
304
65
280
182
258
192
292
188
289
193
355
355
355
355
355
355
318
166
276
80
355
355
355
355
355
355
280
77
281
208
287
205
355
355
355
315
39
319
64
264
61
267
55
355
327
65
270
192
303
183
316
189
268
193
355
355
355
355
355
355
311
77
355
355
355
355
355
355
351
73
282
205
325
167
286
201
355
355
355
355
355
304
64
264
56
62
264
40
355
347
65
269
192
355
336
190
280
193
274
184
355
355
355
355
355
355
355
337
73
355
355
355
355
355
259
168
355
355
352
70
355
355
355
294
201
355
355
355
355
355
355
355
355
355
355
355
355
355
355
355
355
355
355
355
321
68
355
355
348
198
355
355
355
355
355
355
355
355
355
355
355
355
355
355
355
355
355
355
355
355
355
355
349
196
256
65
355
355
355
355
355
355
355
355
355
274
193
355
355
355
355
355
355
355
355
306
62
270
55
267
58
355
310
64
355
355
355
355
355
355
355
355
355
355
355
355
355
349
192
355
355
355
355
355
261
186
355
355
355
353
64
262
57
258
61
270
54
355
334
65
355
278
183
355
268
192
355
313
190
355
355
355
355
355
355
355
355
355
355
355
355
333
189
355
355
315
182
355
355
355
355
355
296
62
263
185
264
60
260
53
270
56
57
355
339
64
307
185
316
190
319
193
355
355
355
355
355
355
355
355
259
59
355
307
188
355
355
266
192
303
184
355
286
181
275
187
355
355
355
355
355
355
355
294
53
257
64
257
45
258
38
261
57
355
355
268
65
339
192
355
355
355
355
355
355
355
355
355
355
268
60
355
291
185
280
181
355
355
166
305
173
275
193
355
355
355
355
355
355
355
355
340
62
284
53
258
56
355
328
64
355
283
190
355
355
355
355
355
355
355
355
355
355
355
297
59
295
188
355
270
181
355
355
355
299
192
355
355
355
355
355
355
309
64
355
355
275
65
279
192
355
355
355
355
355
355
355
355
355
355
355
355
355
301
75
355
355
355
355
355
355
355
353
71
355
355
329
203
355
355
355
355
355
355
355
324
73
355
350
199
304
184
292
193
292
187
355
346
70
355
349
201
355
355
355
355
266
68
273
63
278
59
352
198
339
187
273
191
355
352
66
257
61
258
58
304
196
307
194
266
189
355
260
186
355
292
70
262
65
257
61
355
257
198
273
189
279
193
355
355
355
322
65
256
59
272
56
301
75
355
355
355
343
184
355
265
193
355
300
71
355
320
187
355
355
306
61
258
66
273
58
317
203
355
355
336
73
344
189
305
194
355
309
186
355
308
75
292
63
265
68
261
59
355
265
199
277
201
355
355
282
77
265
187
300
191
283
196
301
203
355
355
333
65
264
70
257
61
355
355
317
189
326
193
297
198
355
355
355
355
355
355
355
293
83
293
71
264
66
258
63
355
287
205
355
355
355
355
337
191
262
199
311
80
347
194
355
355
260
211
355
355
257
65
257
73
264
68
355
355
306
196
265
193
312
201
337
208
355
355
355
355
355
355
355
333
80
299
71
257
68
263
75
355
355
355
260
199
290
203
279
196
355
332
208
355
282
77
342
205
355
355
355
355
355
260
80
268
77
272
73
355
352
205
261
208
275
201
355
355
355
355
355
355
355
355
355
355
355
355
319
85
259
77
270
80
355
355
355
355
355
355
355
355
355
355
266
73
355
355
355
268
208
290
213
314
205
352
201
355
355
355
355
355
355
355
355
355
355
355
355
341
86
257
74
355
355
276
88
295
76
355
355
355
355
355
355
355
300
214
355
355
355
355
355
287
73
316
201
355
355
355
355
355
355
355
272
204
256
216
275
70
344
198
355
355
347
202
355
355
355
355
355
355
352
88
265
76
259
74
355
344
89
256
77
316
204
355
260
216
355
355
355
355
355
355
355
355
355
355
355
355
355
355
340
70
355
282
198
355
355
355
355
355
355
355
205
268
217
286
67
355
355
355
273
202
295
195
355
355
355
355
355
355
355
355
351
76
257
86
260
74
355
347
88
269
204
355
355
355
355
355
355
355
355
355
355
355
355
355
355
355
267
73
348
201
355
259
214
355
355
355
355
355
355
355
295
70
332
216
274
198
355
355
301
202
355
355
355
355
355
355
355
355
331
88
259
74
258
76
355
355
283
89
273
77
355
272
216
349
204
355
355
355
355
355
355
355
355
355
355
355
355
355
321
70
355
317
198
355
355
355
355
355
355
355
340
67
355
355
355
355
355
355
355
355
355
355
355
355
355
355
312
202
355
355
355
355
355
352
195
355
355
355
355
355
355
355
355
355
355
355
331
62
355
355
355
355
259
190
355
355
355
355
355
355
355
355
355
355
355
355
290
55
355
355
332
217
355
355
294
183
350
205
355
355
355
355
355
355
355
355
355
355
307
50
355
355
355
355
355
264
178
355
355
355
355
355
355
355
355
355
355
355
355
276
43
355
355
355
355
301
171
355
355
355
355
355
355
355
355
355
355
355
341
38
355
355
355
355
355
294
166
355
355
355
355
355
355
355
355
355
355
355
355
355
355
351
31
355
355
355
355
355
355
355
355
281
159
355
355
355
355
355
355
355
355
355
355
355
355
355
355
355
276
89
257
86
268
77
262
26
266
33
355
355
355
355
355
355
355
355
355
355
355
355
355
355
355
355
355
355
355
355
355
355
355
355
355
355
355
355
355
355
355
355
355
311
214
355
348
205
282
217
355
355
355
355
329
154
274
161
