[355]
[355]
[355]
[355]
[355]
[355]
[355]
[301]
[361]
[62]
[355]
[353]
[367]
[64]
[355]
[355]
[355]
[355]
[355]
[355]
[344]
[190]
[291]
[192]
[355]
[355]
[355]
[355]
[355]
[355]
[355]
[355]
[355]
[355]
[355]
[355]
[355]
[355]
[355]
[355]
[355]
[355]
[341]
[363]
[62]
[264]
[365]
[64]
[355]
[355]
[263]
[365]
[65]
[355]
[326]
[192]
[355]
[355]
[355]
[355]
[355]
[355]
[355]
[355]
[313]
[193]
[297]
[190]
[355]
[355]
[355]
[355]
[355]
[355]
[355]
[355]
[355]
[355]
[355]
[355]
[355]
[355]
[355]
[355]
[305]
[360]
[62]
[355]
[354]
[367]
[64]
[355]
[355]
[355]
[355]
[355]
[355]
[355]
[355]
[355]
[355]
[355]
[355]
[355]
[355]
[289]
[372]
[70]
[355]
[355]
[355]
[355]
[281]
[190]
[276]
[192]
[355]
[355]
[355]
[355]
[355]
[355]
[355]
[355]
[355]
[334]
[361]
[62]
[260]
[363]
[64]
[355]
[355]
[259]
[365]
[65]
[355]
[294]
[192]
[355]
[355]
[355]
[355]
[355]
[355]
[355]
[355]
[355]
[355]
[262]
[366]
[72]
[355]
[280]
[198]
[355]
[355]
[355]
[355]
[355]
[335]
[364]
[74]
[327]
[200]
[355]
[355]
[320]
[190]
[355]
[329]
[202]
[355]
[355]
[311]
[363]
[62]
[355]
[343]
[366]
[64]
[327]
[193]
[355]
[355]
[355]
[355]
[355]
[355]
[355]
[355]
[343]
[374]
[76]
[355]
[355]
[355]
[355]
[328]
[192]
[280]
[190]
[355]
[355]
[355]
[355]
[355]
[355]
[355]
[297]
[369]
[74]
[263]
[362]
[62]
[260]
[362]
[64]
[355]
[355]
[294]
[366]
[65]
[344]
[371]
[72]
[355]
[275]
[192]
[355]
[277]
[372]
[70]
[355]
[275]
[202]
[268]
[204]
[262]
[200]
[355]
[355]
[300]
[369]
[67]
[355]
[355]
[274]
[198]
[355]
[355]
[355]
[325]
[190]
[355]
[355]
[355]
[355]
[355]
[355]
[355]
[287]
[360]
[62]
[355]
[355]
[258]
[363]
[64]
[355]
[278]
[193]
[355]
[355]
[355]
[355]
[355]
[355]
[355]
[355]
[355]
[318]
[365]
[72]
[355]
[284]
[195]
[355]
[355]
[355]
[355]
[271]
[190]
[287]
[192]
[355]
[355]
[355]
[355]
[355]
[355]
[355]
[354]
[359]
[62]
[259]
[360]
[64]
[293]
[360]
[69]
[355]
[355]
[315]
[361]
[65]
[307]
[200]
[353]
[192]
[355]
[355]
[355]
[355]
[355]
[355]
[284]
[193]
[355]
[355]
[294]
[190]
[298]
[197]
[355]
[355]
[355]
[355]
[355]
[355]
[355]
[355]
[355]
[355]
[355]
[355]
[326]
[360]
[62]
[284]
[362]
[43]
[278]
[361]
[59]
[259]
[364]
[50]
[355]
[306]
[366]
[64]
[355]
[355]
[345]
[190]
[355]
[355]
[355]
[355]
[355]
[355]
[355]
[355]
[317]
[367]
[69]
[355]
[355]
[355]
[274]
[187]
[316]
[192]
[355]
[327]
[178]
[355]
[355]
[355]
[355]
[282]
[171]
[355]
[355]
[334]
[363]
[64]
[269]
[362]
[57]
[257]
[365]
[41]
[364]
[48]
[308]
[357]
[43]
[342]
[171]
[265]
[366]
[65]
[355]
[304]
[197]
[288]
[192]
[355]
[355]
[355]
[355]
[269]
[185]
[355]
[355]
[355]
[355]
[355]
[267]
[371]
[71]
[355]
[355]
[334]
[193]
[355]
[263]
[199]
[355]
[272]
[176]
[355]
[355]
[355]
[355]
[355]
[355]
[355]
[317]
[365]
[62]
[280]
[366]
[47]
[261]
[366]
[55]
[266]
[367]
[40]
[355]
[303]
[169]
[281]
[368]
[64]
[355]
[280]
[190]
[355]
[280]
[175]
[290]
[168]
[355]
[355]
[355]
[355]
[355]
[355]
[355]
[355]
[301]
[372]
[72]
[321]
[200]
[355]
[355]
[311]
[183]
[355]
[270]
[192]
[355]
[355]
[355]
[355]
[355]
[355]
[355]
[355]
[302]
[367]
[38]
[256]
[366]
[45]
[257]
[366]
[64]
[274]
[362]
[53]
[258]
[365]
[57]
[355]
[324]
[366]
[65]
[355]
[258]
[192]
[355]
[332]
[166]
[264]
[173]
[355]
[333]
[181]
[309]
[185]
[355]
[355]
[355]
[298]
[193]
[355]
[259]
[373]
[74]
[336]
[202]
[355]
[355]
[355]
[355]
[355]
[355]
[355]
[306]
[373]
[76]
[355]
[355]
[355]
[355]
[355]
[355]
[355]
[355]
[355]
[355]
[355]
[355]
[355]
[355]
[355]
[355]
[355]
[355]
[355]
[355]
[355]
[355]
[288]
[364]
[72]
[355]
[355]
[355]
[355]
[311]
[362]
[69]
[355]
[355]
[355]
[307]
[365]
[67]
[355]
[307]
[197]
[286]
[200]
[299]
[204]
[355]
[355]
[267]
[195]
[271]
[364]
[64]
[355]
[355]
[355]
[355]
[292]
[192]
[355]
[355]
[355]
[355]
[355]
[355]
[355]
[355]
[306]
[363]
[60]
[355]
[355]
[301]
[188]
[355]
[355]
[355]
[355]
[355]
[355]
[355]
[355]
[355]
[355]
[355]
[355]
[355]
[355]
[355]
[355]
[355]
[354]
[362]
[62]
[258]
[364]
[42]
[260]
[362]
[48]
[268]
[364]
[58]
[355]
[287]
[367]
[64]
[355]
[355]
[355]
[355]
[355]
[355]
[355]
[355]
[342]
[368]
[43]
[355]
[355]
[287]
[170]
[355]
[355]
[270]
[192]
[287]
[176]
[355]
[355]
[318]
[186]
[355]
[355]
[355]
[316]
[366]
[44]
[258]
[367]
[64]
[264]
[365]
[59]
[258]
[366]
[49]
[355]
[330]
[171]
[279]
[363]
[65]
[283]
[190]
[355]
[275]
[192]
[355]
[355]
[355]
[355]
[355]
[355]
[355]
[355]
[355]
[311]
[365]
[37]
[355]
[297]
[172]
[355]
[316]
[187]
[301]
[165]
[291]
[177]
[355]
[355]
[355]
[355]
[299]
[193]
[355]
[355]
[355]
[355]
[355]
[311]
[366]
[48]
[258]
[364]
[62]
[261]
[366]
[58]
[256]
[366]
[42]
[355]
[332]
[368]
[64]
[355]
[342]
[190]
[355]
[355]
[355]
[355]
[355]
[355]
[311]
[369]
[43]
[355]
[293]
[170]
[355]
[355]
[283]
[192]
[291]
[176]
[355]
[300]
[186]
[355]
[355]
[355]
[355]
[355]
[257]
[365]
[59]
[258]
[367]
[64]
[258]
[363]
[49]
[259]
[366]
[44]
[337]
[171]
[355]
[286]
[365]
[65]
[351]
[192]
[355]
[344]
[177]
[355]
[355]
[355]
[355]
[355]
[355]
[355]
[285]
[364]
[49]
[345]
[172]
[355]
[355]
[295]
[177]
[329]
[187]
[355]
[355]
[355]
[355]
[355]
[355]
[355]
[355]
[355]
[268]
[365]
[58]
[264]
[363]
[62]
[355]
[355]
[294]
[193]
[271]
[370]
[64]
[355]
[355]
[355]
[355]
[355]
[355]
[355]
[276]
[370]
[57]
[355]
[355]
[355]
[355]
[350]
[192]
[282]
[186]
[355]
[355]
[355]
[355]
[355]
[280]
[190]
[258]
[366]
[59]
[260]
[369]
[64]
[259]
[369]
[56]
[260]
[367]
[61]
[355]
[355]
[368]
[65]
[288]
[185]
[355]
[277]
[192]
[355]
[355]
[355]
[355]
[355]
[355]
[355]
[355]
[260]
[364]
[49]
[344]
[184]
[355]
[355]
[295]
[187]
[296]
[189]
[355]
[355]
[322]
[193]
[355]
[355]
[355]
[355]
[355]
[355]
[355]
[268]
[365]
[53]
[260]
[360]
[62]
[258]
[363]
[60]
[355]
[348]
[177]
[365]
[64]
[355]
[355]
[355]
[355]
[355]
[355]
[355]
[355]
[355]
[355]
[302]
[366]
[59]
[283]
[368]
[44]
[355]
[344]
[188]
[355]
[355]
[355]
[353]
[369]
[43]
[295]
[192]
[346]
[172]
[321]
[187]
[355]
[355]
[324]
[190]
[355]
[355]
[355]
[299]
[371]
[49]
[259]
[369]
[64]
[266]
[367]
[58]
[267]
[366]
[54]
[355]
[355]
[275]
[368]
[65]
[320]
[171]
[355]
[268]
[192]
[278]
[181]
[355]
[355]
[355]
[355]
[355]
[355]
[355]
[355]
[355]
[355]
[355]
[355]
[311]
[368]
[51]
[355]
[355]
[327]
[177]
[355]
[355]
[355]
[355]
[355]
[355]
[355]
[355]
[321]
[367]
[48]
[355]
[355]
[355]
[355]
[355]
[328]
[368]
[46]
[355]
[316]
[179]
[336]
[176]
[355]
[286]
[370]
[44]
[355]
[299]
[174]
[355]
[272]
[371]
[48]
[355]
[326]
[172]
[355]
[270]
[371]
[49]
[332]
[176]
[355]
[285]
[193]
[260]
[182]
[319]
[186]
[355]
[355]
[355]
[306]
[370]
[65]
[268]
[370]
[51]
[257]
[365]
[54]
[256]
[369]
[58]
[355]
[355]
[331]
[177]
[355]
[355]
[355]
[355]
[355]
[355]
[355]
[355]
[355]
[355]
[355]
[355]
[355]
[355]
[312]
[366]
[48]
[355]
[355]
[355]
[355]
[355]
[287]
[366]
[46]
[355]
[312]
[176]
[355]
[256]
[179]
[355]
[351]
[366]
[44]
[355]
[318]
[174]
[355]
[355]
[278]
[365]
[48]
[318]
[186]
[265]
[172]
[355]
[355]
[355]
[355]
[344]
[182]
[355]
[262]
[365]
[42]
[260]
[365]
[52]
[290]
[366]
[66]
[273]
[365]
[59]
[269]
[176]
[281]
[193]
[265]
[180]
[314]
[187]
[267]
[194]
[355]
[355]
[286]
[365]
[36]
[355]
[355]
[355]
[355]
[355]
[355]
[355]
[355]
[355]
[355]
[355]
[355]
[329]
[372]
[76]
[269]
[369]
[64]
[317]
[192]
[303]
[204]
[355]
[342]
[170]
[355]
[355]
[355]
[355]
[355]
[355]
[355]
[355]
[331]
[164]
[355]
[324]
[365]
[42]
[355]
[355]
[297]
[364]
[36]
[355]
[355]
[318]
[170]
[355]
[355]
[355]
[355]
[355]
[355]
[355]
[355]
[355]
[355]
[341]
[372]
[80]
[278]
[367]
[68]
[355]
[317]
[208]
[260]
[196]
[355]
[355]
[355]
[355]
[355]
[355]
[355]
[355]
[355]
[355]
[355]
[355]
[355]
[355]
[355]
[355]
[355]
[355]
[355]
[355]
[355]
[355]
[355]
[355]
[355]
[355]
[355]
[355]
[355]
[355]
[355]
[355]
[355]
[355]
[355]
[355]
[355]
[355]
[355]
[355]
[355]
[355]
[355]
[355]
[347]
[363]
[35]
[355]
[355]
[355]
[355]
[283]
[164]
[355]
[355]
[355]
[355]
[355]
[355]
[355]
[355]
[355]
[355]
[355]
[355]
[355]
[355]
[332]
[356]
[34]
[355]
[353]
[162]
[355]
[355]
[334]
[357]
[34]
[342]
[162]
[359]
[34]
[355]
[355]
[256]
[163]
[355]
[355]
[355]
[355]
[355]
[355]
[264]
[162]
[355]
[355]
[355]
[355]
[355]
[355]
[355]
[355]
[355]
[355]
[355]
[355]
[355]
[355]
[355]
[355]
[355]
[265]
[362]
[62]
[355]
[355]
[256]
[359]
[64]
[355]
[355]
[355]
[355]
[355]
[355]
[355]
[355]
[333]
[361]
[55]
[355]
[355]
[355]
[296]
[190]
[355]
[263]
[192]
[355]
[355]
[355]
[355]
[355]
[256]
[366]
[64]
[259]
[363]
[62]
[279]
[366]
[56]
[355]
[325]
[366]
[65]
[355]
[326]
[192]
[351]
[183]
[355]
[355]
[355]
[355]
[355]
[355]
[352]
[363]
[58]
[305]
[184]
[355]
[355]
[355]
[291]
[190]
[355]
[339]
[193]
[355]
[355]
[355]
[355]
[355]
[355]
[298]
[363]
[62]
[355]
[304]
[186]
[304]
[365]
[64]
[355]
[355]
[355]
[355]
[355]
[355]
[355]
[355]
[348]
[373]
[72]
[302]
[363]
[55]
[355]
[355]
[355]
[355]
[276]
[190]
[321]
[183]
[355]
[355]
[317]
[192]
[355]
[355]
[355]
[355]
[263]
[363]
[64]
[279]
[362]
[56]
[259]
[363]
[62]
[355]
[355]
[257]
[364]
[65]
[347]
[192]
[355]
[355]
[355]
[355]
[355]
[355]
[355]
[355]
[355]
[355]
[266]
[366]
[68]
[283]
[364]
[58]
[355]
[270]
[184]
[305]
[200]
[355]
[343]
[190]
[355]
[315]
[193]
[355]
[276]
[196]
[355]
[355]
[355]
[297]
[367]
[62]
[355]
[308]
[186]
[323]
[368]
[64]
[355]
[355]
[355]
[355]
[355]
[355]
[355]
[355]
[292]
[365]
[55]
[355]
[275]
[373]
[76]
[355]
[355]
[355]
[266]
[190]
[355]
[269]
[183]
[355]
[355]
[295]
[192]
[355]
[355]
[343]
[367]
[64]
[267]
[366]
[56]
[261]
[367]
[62]
[355]
[355]
[355]
[268]
[368]
[65]
[355]
[258]
[192]
[270]
[372]
[74]
[355]
[355]
[349]
[373]
[72]
[355]
[355]
[355]
[355]
[275]
[372]
[68]
[284]
[365]
[58]
[348]
[204]
[271]
[184]
[355]
[257]
[202]
[274]
[200]
[355]
[355]
[318]
[186]
[289]
[190]
[267]
[193]
[355]
[274]
[196]
[355]
[355]
[355]
[355]
[355]
[355]
[355]
[355]
[338]
[361]
[62]
[355]
[355]
[276]
[362]
[64]
[355]
[355]
[355]
[355]
[355]
[355]
[355]
[355]
[355]
[304]
[366]
[76]
[355]
[355]
[355]
[286]
[190]
[269]
[192]
[355]
[355]
[355]
[355]
[355]
[355]
[355]
[312]
[362]
[64]
[266]
[360]
[62]
[275]
[366]
[74]
[355]
[355]
[355]
[258]
[363]
[65]
[355]
[288]
[366]
[72]
[355]
[270]
[192]
[352]
[204]
[257]
[202]
[353]
[366]
[70]
[319]
[200]
[355]
[355]
[355]
[323]
[365]
[67]
[318]
[198]
[355]
[355]
[266]
[195]
[355]
[355]
[355]
[355]
[355]
[355]
[330]
[363]
[69]
[355]
[339]
[197]
[317]
[190]
[264]
[193]
[355]
[355]
[355]
[355]
[355]
[355]
[355]
[355]
[355]
[355]
[355]
[355]
[283]
[365]
[50]
[256]
[363]
[62]
[264]
[364]
[43]
[265]
[364]
[59]
[355]
[355]
[259]
[364]
[64]
[355]
[288]
[190]
[355]
[355]
[355]
[355]
[355]
[355]
[355]
[355]
[258]
[171]
[355]
[288]
[369]
[69]
[355]
[270]
[178]
[309]
[187]
[355]
[293]
[192]
[355]
[301]
[197]
[355]
[355]
[355]
[355]
[355]
[355]
[355]
[333]
[366]
[64]
[270]
[365]
[41]
[260]
[365]
[57]
[258]
[366]
[48]
[355]
[322]
[367]
[65]
[355]
[262]
[192]
[355]
[355]
[355]
[294]
[185]
[355]
[355]
[355]
[355]
[355]
[310]
[372]
[71]
[355]
[300]
[193]
[302]
[169]
[305]
[176]
[267]
[199]
[355]
[355]
[355]
[355]
[355]
[355]
[355]
[355]
[306]
[366]
[62]
[275]
[366]
[55]
[265]
[368]
[47]
[257]
[367]
[40]
[355]
[338]
[369]
[64]
[325]
[190]
[355]
[311]
[175]
[264]
[168]
[355]
[355]
[355]
[355]
[355]
[355]
[355]
[355]
[355]
[355]
[293]
[368]
[71]
[355]
[274]
[199]
[355]
[355]
[297]
[183]
[323]
[192]
[355]
[355]
[355]
[355]
[355]
[355]
[355]
[355]
[355]
[275]
[365]
[64]
[260]
[364]
[44]
[260]
[366]
[37]
[260]
[361]
[53]
[266]
[361]
[59]
[355]
[321]
[365]
[65]
[332]
[192]
[355]
[355]
[277]
[181]
[187]
[258]
[193]
[355]
[355]
[355]
[355]
[355]
[355]
[355]
[261]
[371]
[75]
[355]
[349]
[165]
[280]
[172]
[355]
[355]
[355]
[355]
[355]
[355]
[266]
[368]
[71]
[355]
[355]
[258]
[203]
[355]
[355]
[319]
[366]
[64]
[292]
[361]
[56]
[258]
[363]
[59]
[355]
[338]
[366]
[65]
[355]
[343]
[371]
[73]
[329]
[192]
[290]
[199]
[355]
[355]
[355]
[305]
[370]
[70]
[355]
[355]
[291]
[193]
[295]
[201]
[261]
[184]
[302]
[187]
[355]
[355]
[291]
[369]
[68]
[306]
[198]
[294]
[196]
[355]
[355]
[355]
[313]
[366]
[44]
[269]
[367]
[37]
[292]
[368]
[64]
[276]
[365]
[53]
[276]
[363]
[59]
[355]
[294]
[369]
[65]
[289]
[181]
[281]
[192]
[279]
[187]
[278]
[193]
[355]
[355]
[259]
[165]
[355]
[355]
[288]
[172]
[323]
[371]
[75]
[355]
[355]
[355]
[355]
[355]
[266]
[372]
[71]
[355]
[355]
[272]
[203]
[355]
[289]
[368]
[64]
[277]
[366]
[56]
[270]
[367]
[59]
[355]
[293]
[369]
[65]
[355]
[309]
[192]
[283]
[374]
[73]
[355]
[355]
[355]
[299]
[199]
[343]
[376]
[75]
[355]
[296]
[201]
[311]
[193]
[302]
[184]
[268]
[187]
[355]
[306]
[372]
[77]
[309]
[203]
[276]
[205]
[355]
[355]
[355]
[340]
[370]
[38]
[307]
[371]
[64]
[279]
[369]
[60]
[256]
[367]
[54]
[355]
[304]
[372]
[65]
[280]
[182]
[258]
[192]
[292]
[188]
[289]
[193]
[355]
[355]
[355]
[355]
[355]
[355]
[318]
[166]
[276]
[376]
[80]
[355]
[355]
[355]
[355]
[355]
[355]
[280]
[372]
[77]
[281]
[208]
[287]
[205]
[355]
[355]
[355]
[315]
[368]
[39]
[319]
[368]
[64]
[264]
[365]
[61]
[267]
[369]
[55]
[355]
[327]
[370]
[65]
[270]
[192]
[303]
[183]
[316]
[189]
[268]
[193]
[355]
[355]
[355]
[355]
[355]
[355]
[311]
[373]
[77]
[355]
[355]
[355]
[355]
[355]
[355]
[351]
[370]
[73]
[282]
[205]
[325]
[167]
[286]
[201]
[355]
[355]
[355]
[355]
[355]
[304]
[367]
[64]
[264]
[364]
[56]
[362]
[62]
[264]
[367]
[40]
[355]
[347]
[366]
[65]
[269]
[192]
[355]
[336]
[190]
[280]
[193]
[274]
[184]
[355]
[355]
[355]
[355]
[355]
[355]
[355]
[337]
[369]
[73]
[355]
[355]
[355]
[355]
[355]
[259]
[168]
[355]
[355]
[352]
[367]
[70]
[355]
[355]
[355]
[294]
[201]
[355]
[355]
[355]
[355]
[355]
[355]
[355]
[355]
[355]
[355]
[355]
[355]
[355]
[355]
[355]
[355]
[355]
[355]
[355]
[321]
[367]
[68]
[355]
[355]
[348]
[198]
[355]
[355]
[355]
[355]
[355]
[355]
[355]
[355]
[355]
[355]
[355]
[355]
[355]
[355]
[355]
[355]
[355]
[355]
[355]
[355]
[355]
[355]
[349]
[196]
[256]
[361]
[65]
[355]
[355]
[355]
[355]
[355]
[355]
[355]
[355]
[355]
[274]
[193]
[355]
[355]
[355]
[355]
[355]
[355]
[355]
[355]
[306]
[363]
[62]
[270]
[364]
[55]
[267]
[363]
[58]
[355]
[310]
[366]
[64]
[355]
[355]
[355]
[355]
[355]
[355]
[355]
[355]
[355]
[355]
[355]
[355]
[355]
[349]
[192]
[355]
[355]
[355]
[355]
[355]
[261]
[186]
[355]
[355]
[355]
[353]
[367]
[64]
[262]
[367]
[57]
[258]
[366]
[61]
[270]
[366]
[54]
[355]
[334]
[367]
[65]
[355]
[278]
[183]
[355]
[268]
[192]
[355]
[313]
[190]
[355]
[355]
[355]
[355]
[355]
[355]
[355]
[355]
[355]
[355]
[355]
[355]
[333]
[189]
[355]
[355]
[315]
[182]
[355]
[355]
[355]
[355]
[355]
[296]
[363]
[62]
[263]
[185]
[264]
[363]
[60]
[260]
[364]
[53]
[270]
[362]
[56]
[360]
[57]
[355]
[339]
[367]
[64]
[307]
[185]
[316]
[190]
[319]
[193]
[355]
[355]
[355]
[355]
[355]
[355]
[355]
[355]
[259]
[366]
[59]
[355]
[307]
[188]
[355]
[355]
[266]
[192]
[303]
[184]
[355]
[286]
[181]
[275]
[187]
[355]
[355]
[355]
[355]
[355]
[355]
[355]
[294]
[362]
[53]
[257]
[365]
[64]
[257]
[365]
[45]
[258]
[366]
[38]
[261]
[364]
[57]
[355]
[355]
[268]
[365]
[65]
[339]
[192]
[355]
[355]
[355]
[355]
[355]
[355]
[355]
[355]
[355]
[355]
[268]
[371]
[60]
[355]
[291]
[185]
[280]
[181]
[355]
[355]
[166]
[305]
[173]
[275]
[193]
[355]
[355]
[355]
[355]
[355]
[355]
[355]
[355]
[340]
[363]
[62]
[284]
[364]
[53]
[258]
[362]
[56]
[355]
[328]
[367]
[64]
[355]
[283]
[190]
[355]
[355]
[355]
[355]
[355]
[355]
[355]
[355]
[355]
[355]
[355]
[297]
[368]
[59]
[295]
[188]
[355]
[270]
[181]
[355]
[355]
[355]
[299]
[192]
[355]
[355]
[355]
[355]
[355]
[355]
[309]
[366]
[64]
[355]
[355]
[275]
[364]
[65]
[279]
[192]
[355]
[355]
[355]
[355]
[355]
[355]
[355]
[355]
[355]
[355]
[355]
[355]
[355]
[301]
[367]
[75]
[355]
[355]
[355]
[355]
[355]
[355]
[355]
[353]
[365]
[71]
[355]
[355]
[329]
[203]
[355]
[355]
[355]
[355]
[355]
[355]
[355]
[324]
[367]
[73]
[355]
[350]
[199]
[304]
[184]
[292]
[193]
[292]
[187]
[355]
[346]
[367]
[70]
[355]
[349]
[201]
[355]
[355]
[355]
[355]
[266]
[364]
[68]
[273]
[362]
[63]
[278]
[365]
[59]
[352]
[198]
[339]
[187]
[273]
[191]
[355]
[352]
[363]
[66]
[257]
[361]
[61]
[258]
[365]
[58]
[304]
[196]
[307]
[194]
[266]
[189]
[355]
[260]
[186]
[355]
[292]
[368]
[70]
[262]
[366]
[65]
[257]
[364]
[61]
[355]
[257]
[198]
[273]
[189]
[279]
[193]
[355]
[355]
[355]
[322]
[360]
[65]
[256]
[366]
[59]
[272]
[362]
[56]
[301]
[372]
[75]
[355]
[355]
[355]
[343]
[184]
[355]
[265]
[193]
[355]
[300]
[368]
[71]
[355]
[320]
[187]
[355]
[355]
[306]
[364]
[61]
[258]
[365]
[66]
[273]
[365]
[58]
[317]
[203]
[355]
[355]
[336]
[373]
[73]
[344]
[189]
[305]
[194]
[355]
[309]
[186]
[355]
[308]
[372]
[75]
[292]
[364]
[63]
[265]
[363]
[68]
[261]
[365]
[59]
[355]
[265]
[199]
[277]
[201]
[355]
[355]
[282]
[374]
[77]
[265]
[187]
[300]
[191]
[283]
[196]
[301]
[203]
[355]
[355]
[333]
[367]
[65]
[264]
[367]
[70]
[257]
[367]
[61]
[355]
[355]
[317]
[189]
[326]
[193]
[297]
[198]
[355]
[355]
[355]
[355]
[355]
[355]
[355]
[293]
[373]
[83]
[293]
[363]
[71]
[264]
[365]
[66]
[258]
[364]
[63]
[355]
[287]
[205]
[355]
[355]
[355]
[355]
[337]
[191]
[262]
[199]
[311]
[372]
[80]
[347]
[194]
[355]
[355]
[260]
[211]
[355]
[355]
[257]
[364]
[65]
[257]
[364]
[73]
[264]
[365]
[68]
[355]
[355]
[306]
[196]
[265]
[193]
[312]
[201]
[337]
[208]
[355]
[355]
[355]
[355]
[355]
[355]
[355]
[333]
[371]
[80]
[299]
[363]
[71]
[257]
[364]
[68]
[263]
[361]
[75]
[355]
[355]
[355]
[260]
[199]
[290]
[203]
[279]
[196]
[355]
[332]
[208]
[355]
[282]
[368]
[77]
[342]
[205]
[355]
[355]
[355]
[355]
[355]
[260]
[363]
[80]
[268]
[363]
[77]
[272]
[361]
[73]
[355]
[352]
[205]
[261]
[208]
[275]
[201]
[355]
[355]
[355]
[355]
[355]
[355]
[355]
[355]
[355]
[355]
[355]
[355]
[319]
[366]
[85]
[259]
[367]
[77]
[270]
[365]
[80]
[355]
[355]
[355]
[355]
[355]
[355]
[355]
[355]
[355]
[355]
[266]
[363]
[73]
[355]
[355]
[355]
[268]
[208]
[290]
[213]
[314]
[205]
[352]
[201]
[355]
[355]
[355]
[355]
[355]
[355]
[355]
[355]
[355]
[355]
[355]
[355]
[341]
[367]
[86]
[257]
[365]
[74]
[355]
[355]
[276]
[367]
[88]
[295]
[361]
[76]
[355]
[355]
[355]
[355]
[355]
[355]
[355]
[300]
[214]
[355]
[355]
[355]
[355]
[355]
[287]
[368]
[73]
[316]
[201]
[355]
[355]
[355]
[355]
[355]
[355]
[355]
[272]
[204]
[256]
[216]
[275]
[367]
[70]
[344]
[198]
[355]
[355]
[347]
[202]
[355]
[355]
[355]
[355]
[355]
[355]
[352]
[369]
[88]
[265]
[365]
[76]
[259]
[365]
[74]
[355]
[344]
[369]
[89]
[256]
[365]
[77]
[316]
[204]
[355]
[260]
[216]
[355]
[355]
[355]
[355]
[355]
[355]
[355]
[355]
[355]
[355]
[355]
[355]
[355]
[355]
[340]
[369]
[70]
[355]
[282]
[198]
[355]
[355]
[355]
[355]
[355]
[355]
[355]
[205]
[268]
[217]
[286]
[364]
[67]
[355]
[355]
[355]
[273]
[202]
[295]
[195]
[355]
[355]
[355]
[355]
[355]
[355]
[355]
[355]
[351]
[365]
[76]
[257]
[368]
[86]
[260]
[366]
[74]
[355]
[347]
[369]
[88]
[269]
[204]
[355]
[355]
[355]
[355]
[355]
[355]
[355]
[355]
[355]
[355]
[355]
[355]
[355]
[355]
[355]
[267]
[367]
[73]
[348]
[201]
[355]
[259]
[214]
[355]
[355]
[355]
[355]
[355]
[355]
[355]
[295]
[365]
[70]
[332]
[216]
[274]
[198]
[355]
[355]
[301]
[202]
[355]
[355]
[355]
[355]
[355]
[355]
[355]
[355]
[331]
[366]
[88]
[259]
[366]
[74]
[258]
[365]
[76]
[355]
[355]
[283]
[367]
[89]
[273]
[367]
[77]
[355]
[272]
[216]
[349]
[204]
[355]
[355]
[355]
[355]
[355]
[355]
[355]
[355]
[355]
[355]
[355]
[355]
[355]
[321]
[363]
[70]
[355]
[317]
[198]
[355]
[355]
[355]
[355]
[355]
[355]
[355]
[340]
[363]
[67]
[355]
[355]
[355]
[355]
[355]
[355]
[355]
[355]
[355]
[355]
[355]
[355]
[355]
[355]
[312]
[202]
[355]
[355]
[355]
[355]
[355]
[352]
[195]
[355]
[355]
[355]
[355]
[355]
[355]
[355]
[355]
[355]
[355]
[355]
[331]
[359]
[62]
[355]
[355]
[355]
[355]
[259]
[190]
[355]
[355]
[355]
[355]
[355]
[355]
[355]
[355]
[355]
[355]
[355]
[355]
[290]
[362]
[55]
[355]
[355]
[332]
[217]
[355]
[355]
[294]
[183]
[350]
[205]
[355]
[355]
[355]
[355]
[355]
[355]
[355]
[355]
[355]
[355]
[307]
[364]
[50]
[355]
[355]
[355]
[355]
[355]
[264]
[178]
[355]
[355]
[355]
[355]
[355]
[355]
[355]
[355]
[355]
[355]
[355]
[355]
[276]
[362]
[43]
[355]
[355]
[355]
[355]
[301]
[171]
[355]
[355]
[355]
[355]
[355]
[355]
[355]
[355]
[355]
[355]
[355]
[341]
[362]
[38]
[355]
[355]
[355]
[355]
[355]
[294]
[166]
[355]
[355]
[355]
[355]
[355]
[355]
[355]
[355]
[355]
[355]
[355]
[355]
[355]
[355]
[351]
[360]
[31]
[355]
[355]
[355]
[355]
[355]
[355]
[355]
[355]
[281]
[159]
[355]
[355]
[355]
[355]
[355]
[355]
[355]
[355]
[355]
[355]
[355]
[355]
[355]
[355]
[355]
[276]
[368]
[89]
[257]
[367]
[86]
[268]
[365]
[77]
[262]
[363]
[26]
[266]
[364]
[33]
[355]
[355]
[355]
[355]
[355]
[355]
[355]
[355]
[355]
[355]
[355]
[355]
[355]
[355]
[355]
[355]
[355]
[355]
[355]
[355]
[355]
[355]
[355]
[355]
[355]
[355]
[355]
[355]
[355]
[355]
[355]
[355]
[355]
[311]
[214]
[355]
[348]
[205]
[282]
[217]
[355]
[355]
[355]
[355]
[329]
[154]
[274]
[161]
