[355]
[355]
[355]
[355]
[287]
[362]
[43]
[355]
[355]
[353]
[366]
[50]
[355]
[347]
[369]
[55]
[355]
[308]
[373]
[58]
[355]
[355]
[355]
[326]
[373]
[67]
[355]
[355]
[355]
[355]
[355]
[350]
[171]
[355]
[355]
[355]
[283]
[183]
[355]
[355]
[355]
[355]
[355]
[355]
[322]
[178]
[355]
[355]
[355]
[355]
[355]
[355]
[339]
[370]
[65]
[355]
[341]
[186]
[355]
[355]
[355]
[321]
[367]
[43]
[355]
[276]
[371]
[63]
[266]
[365]
[58]
[336]
[195]
[328]
[193]
[355]
[355]
[355]
[355]
[329]
[372]
[55]
[355]
[355]
[355]
[355]
[273]
[371]
[62]
[355]
[307]
[191]
[355]
[279]
[186]
[315]
[370]
[53]
[310]
[171]
[268]
[183]
[315]
[181]
[355]
[355]
[352]
[370]
[55]
[273]
[367]
[51]
[279]
[359]
[43]
[355]
[355]
[355]
[355]
[280]
[369]
[60]
[295]
[183]
[267]
[190]
[350]
[188]
[355]
[355]
[355]
[355]
[328]
[365]
[50]
[353]
[371]
[70]
[265]
[366]
[58]
[301]
[179]
[355]
[355]
[355]
[300]
[171]
[355]
[266]
[178]
[355]
[355]
[355]
[355]
[355]
[313]
[364]
[46]
[267]
[366]
[50]
[355]
[355]
[279]
[186]
[319]
[198]
[355]
[355]
[355]
[316]
[372]
[69]
[355]
[355]
[355]
[341]
[369]
[58]
[355]
[261]
[373]
[67]
[277]
[174]
[294]
[178]
[276]
[197]
[355]
[355]
[293]
[369]
[48]
[355]
[355]
[355]
[299]
[368]
[50]
[258]
[186]
[341]
[373]
[66]
[290]
[176]
[312]
[195]
[355]
[355]
[306]
[369]
[60]
[276]
[366]
[57]
[334]
[188]
[261]
[178]
[185]
[355]
[355]
[355]
[284]
[370]
[67]
[270]
[367]
[55]
[273]
[365]
[58]
[309]
[194]
[355]
[335]
[186]
[355]
[266]
[367]
[48]
[355]
[291]
[183]
[335]
[366]
[46]
[260]
[176]
[355]
[355]
[272]
[368]
[69]
[271]
[367]
[45]
[362]
[60]
[271]
[195]
[274]
[174]
[355]
[355]
[355]
[330]
[369]
[54]
[355]
[336]
[197]
[368]
[52]
[280]
[182]
[355]
[355]
[276]
[367]
[53]
[260]
[368]
[69]
[291]
[180]
[285]
[188]
[355]
[355]
[266]
[173]
[355]
[296]
[369]
[58]
[355]
[353]
[368]
[57]
[257]
[186]
[355]
[355]
[289]
[367]
[62]
[274]
[367]
[46]
[281]
[185]
[355]
[321]
[181]
[355]
[355]
[269]
[371]
[67]
[355]
[350]
[372]
[65]
[286]
[197]
[286]
[195]
[355]
[339]
[366]
[52]
[335]
[373]
[67]
[355]
[269]
[193]
[355]
[355]
[262]
[373]
[69]
[346]
[195]
[354]
[369]
[50]
[293]
[174]
[290]
[180]
[355]
[286]
[373]
[67]
[278]
[197]
[355]
[355]
[306]
[368]
[52]
[257]
[367]
[45]
[305]
[178]
[349]
[373]
[69]
[313]
[190]
[325]
[195]
[355]
[315]
[369]
[62]
[355]
[355]
[282]
[370]
[61]
[262]
[190]
[265]
[365]
[43]
[258]
[173]
[355]
[348]
[369]
[59]
[277]
[189]
[355]
[329]
[187]
[265]
[368]
[61]
[285]
[365]
[45]
[270]
[171]
[355]
[354]
[366]
[62]
[303]
[189]
[346]
[180]
[355]
[264]
[368]
[67]
[306]
[197]
[319]
[190]
[355]
[278]
[366]
[61]
[355]
[355]
[355]
[260]
[367]
[66]
[261]
[195]
[258]
[363]
[62]
[268]
[362]
[38]
[363]
[50]
[294]
[189]
[316]
[173]
[355]
[355]
[355]
[324]
[365]
[67]
[290]
[194]
[355]
[355]
[355]
[277]
[166]
[355]
[262]
[368]
[69]
[325]
[195]
[355]
[355]
[355]
[355]
[275]
[365]
[52]
[265]
[365]
[60]
[332]
[178]
[265]
[190]
[355]
[355]
[355]
[355]
[316]
[365]
[57]
[264]
[364]
[54]
[259]
[363]
[50]
[266]
[180]
[279]
[197]
[355]
[355]
[278]
[188]
[355]
[355]
[355]
[306]
[367]
[67]
[355]
[288]
[185]
[263]
[195]
[355]
[355]
[355]
[355]
[355]
[355]
[355]
[325]
[366]
[67]
[260]
[365]
[58]
[261]
[365]
[55]
[355]
[287]
[182]
[355]
[355]
[355]
[355]
[305]
[178]
[355]
[267]
[183]
[355]
[355]
[315]
[186]
[306]
[195]
[355]
[355]
[355]
[355]
[355]
[355]
[355]
[355]
[258]
[369]
[57]
[267]
[361]
[38]
[260]
[363]
[50]
[355]
[355]
[316]
[185]
[296]
[372]
[66]
[355]
[351]
[194]
[258]
[374]
[67]
[355]
[304]
[376]
[69]
[290]
[195]
[344]
[376]
[70]
[276]
[197]
[320]
[198]
[269]
[376]
[72]
[347]
[377]
[74]
[265]
[200]
[321]
[202]
[274]
[378]
[75]
[316]
[203]
[302]
[376]
[74]
[309]
[202]
[308]
[375]
[72]
[329]
[200]
[305]
[375]
[70]
[312]
[198]
[355]
[264]
[371]
[69]
[289]
[197]
[355]
[301]
[370]
[67]
[294]
[195]
[355]
[355]
[309]
[370]
[66]
[355]
[290]
[166]
[332]
[178]
[355]
[355]
[355]
[355]
[319]
[366]
[55]
[264]
[364]
[43]
[336]
[367]
[67]
[268]
[365]
[59]
[317]
[194]
[355]
[355]
[355]
[355]
[355]
[355]
[355]
[355]
[355]
[355]
[281]
[366]
[53]
[355]
[355]
[355]
[323]
[365]
[60]
[266]
[367]
[51]
[300]
[181]
[278]
[187]
[263]
[183]
[355]
[355]
[298]
[171]
[355]
[283]
[179]
[355]
[355]
[272]
[195]
[355]
[355]
[355]
[355]
[355]
[354]
[366]
[67]
[263]
[363]
[43]
[284]
[362]
[50]
[355]
[355]
[355]
[355]
[345]
[369]
[59]
[316]
[188]
[355]
[348]
[366]
[60]
[261]
[187]
[355]
[355]
[300]
[366]
[59]
[298]
[188]
[343]
[187]
[355]
[355]
[355]
[355]
[355]
[257]
[365]
[57]
[355]
[306]
[171]
[355]
[325]
[178]
[355]
[292]
[185]
[355]
[314]
[195]
[346]
[365]
[43]
[355]
[355]
[263]
[365]
[50]
[355]
[302]
[365]
[55]
[355]
[282]
[366]
[59]
[355]
[289]
[364]
[62]
[355]
[355]
[355]
[268]
[190]
[259]
[367]
[67]
[355]
[355]
[355]
[355]
[355]
[355]
[355]
[355]
[355]
[319]
[171]
[343]
[183]
[315]
[178]
[355]
[355]
[355]
[355]
[283]
[187]
[355]
[355]
[306]
[195]
[355]
[355]
[355]
[355]
[340]
[368]
[43]
[330]
[370]
[50]
[354]
[374]
[55]
[333]
[375]
[58]
[355]
[283]
[377]
[67]
[355]
[355]
[355]
[283]
[195]
[294]
[186]
[355]
[355]
[355]
[355]
[355]
[355]
[317]
[183]
[304]
[371]
[57]
[351]
[171]
[327]
[374]
[58]
[298]
[185]
[303]
[186]
[265]
[178]
[258]
[375]
[60]
[345]
[373]
[62]
[275]
[188]
[329]
[376]
[63]
[293]
[190]
[305]
[374]
[65]
[269]
[191]
[355]
[289]
[375]
[63]
[258]
[373]
[55]
[258]
[372]
[58]
[260]
[370]
[43]
[265]
[193]
[355]
[355]
[355]
[355]
[355]
[355]
[355]
[355]
[281]
[371]
[62]
[327]
[186]
[352]
[191]
[298]
[368]
[45]
[319]
[183]
[327]
[371]
[46]
[257]
[171]
[299]
[173]
[326]
[371]
[48]
[308]
[174]
[280]
[176]
[269]
[371]
[50]
[314]
[190]
[309]
[178]
[256]
[371]
[51]
[327]
[179]
[267]
[370]
[53]
[355]
[301]
[370]
[51]
[263]
[181]
[260]
[369]
[43]
[352]
[372]
[58]
[337]
[186]
[265]
[368]
[60]
[344]
[371]
[62]
[287]
[188]
[321]
[375]
[63]
[276]
[190]
[317]
[191]
[260]
[375]
[65]
[342]
[376]
[67]
[300]
[193]
[302]
[375]
[69]
[302]
[195]
[349]
[374]
[70]
[260]
[197]
[279]
[369]
[50]
[293]
[179]
[355]
[333]
[372]
[58]
[355]
[355]
[296]
[371]
[60]
[267]
[367]
[45]
[312]
[186]
[338]
[178]
[258]
[171]
[355]
[355]
[293]
[371]
[62]
[268]
[369]
[46]
[287]
[188]
[315]
[173]
[308]
[198]
[289]
[370]
[48]
[305]
[174]
[292]
[176]
[265]
[371]
[50]
[352]
[372]
[51]
[260]
[178]
[262]
[374]
[69]
[336]
[371]
[53]
[287]
[179]
[277]
[181]
[280]
[372]
[55]
[346]
[372]
[57]
[265]
[183]
[355]
[269]
[185]
[266]
[371]
[58]
[287]
[374]
[67]
[280]
[197]
[355]
[355]
[355]
[300]
[190]
[302]
[367]
[48]
[355]
[355]
[355]
[355]
[287]
[365]
[50]
[339]
[372]
[66]
[259]
[176]
[295]
[356]
[62]
[294]
[195]
[263]
[186]
[278]
[190]
[355]
[355]
[355]
[320]
[367]
[60]
[268]
[360]
[57]
[355]
[259]
[178]
[260]
[188]
[308]
[185]
[355]
[355]
[355]
[355]
[281]
[367]
[67]
[261]
[365]
[58]
[261]
[365]
[55]
[355]
[256]
[194]
[355]
[344]
[186]
[284]
[369]
[48]
[355]
[312]
[371]
[50]
[295]
[176]
[304]
[183]
[257]
[178]
[272]
[371]
[51]
[346]
[179]
[264]
[371]
[50]
[355]
[269]
[371]
[48]
[256]
[178]
[351]
[176]
[258]
[369]
[46]
[355]
[321]
[368]
[45]
[256]
[367]
[69]
[271]
[359]
[60]
[278]
[174]
[302]
[195]
[355]
[355]
[267]
[368]
[54]
[355]
[268]
[370]
[55]
[331]
[183]
[263]
[372]
[57]
[294]
[182]
[335]
[368]
[55]
[292]
[183]
[277]
[370]
[54]
[319]
[185]
[271]
[182]
[275]
[371]
[52]
[270]
[188]
[345]
[180]
[273]
[370]
[53]
[355]
[355]
[335]
[197]
[257]
[369]
[59]
[355]
[262]
[369]
[60]
[277]
[187]
[270]
[173]
[307]
[370]
[62]
[270]
[188]
[324]
[190]
[266]
[370]
[60]
[306]
[188]
[297]
[370]
[58]
[355]
[260]
[186]
[267]
[369]
[57]
[355]
[316]
[185]
[282]
[367]
[62]
[270]
[366]
[46]
[346]
[181]
[355]
[325]
[372]
[67]
[355]
[269]
[371]
[69]
[300]
[195]
[302]
[374]
[70]
[261]
[197]
[355]
[257]
[376]
[69]
[271]
[198]
[339]
[375]
[67]
[285]
[197]
[324]
[195]
[259]
[374]
[65]
[347]
[376]
[67]
[295]
[193]
[355]
[338]
[369]
[52]
[311]
[174]
[314]
[371]
[53]
[284]
[180]
[290]
[181]
[266]
[371]
[55]
[355]
[259]
[183]
[261]
[370]
[53]
[347]
[370]
[52]
[267]
[181]
[337]
[180]
[268]
[370]
[50]
[355]
[285]
[178]
[262]
[367]
[52]
[259]
[367]
[45]
[256]
[370]
[69]
[256]
[195]
[355]
[344]
[190]
[277]
[371]
[61]
[353]
[371]
[62]
[263]
[189]
[349]
[190]
[261]
[374]
[64]
[270]
[173]
[257]
[368]
[43]
[344]
[370]
[62]
[264]
[192]
[328]
[190]
[292]
[370]
[61]
[344]
[189]
[270]
[371]
[59]
[329]
[171]
[286]
[362]
[45]
[267]
[369]
[61]
[259]
[187]
[261]
[180]
[355]
[355]
[313]
[369]
[54]
[351]
[369]
[55]
[261]
[182]
[325]
[183]
[304]
[370]
[57]
[355]
[259]
[368]
[55]
[318]
[183]
[316]
[368]
[54]
[261]
[173]
[283]
[185]
[313]
[182]
[295]
[366]
[52]
[290]
[180]
[355]
[355]
[271]
[365]
[62]
[283]
[364]
[50]
[257]
[365]
[38]
[276]
[189]
[355]
[324]
[197]
[306]
[369]
[66]
[355]
[269]
[371]
[67]
[297]
[194]
[304]
[195]
[256]
[372]
[69]
[355]
[261]
[197]
[372]
[67]
[325]
[195]
[261]
[372]
[66]
[288]
[190]
[333]
[369]
[64]
[264]
[194]
[355]
[269]
[192]
[257]
[364]
[62]
[355]
[355]
[302]
[368]
[46]
[323]
[178]
[309]
[370]
[48]
[299]
[166]
[280]
[174]
[273]
[176]
[263]
[371]
[50]
[355]
[275]
[371]
[48]
[256]
[178]
[349]
[370]
[46]
[273]
[176]
[327]
[190]
[274]
[174]
[269]
[367]
[45]
[355]
[355]
[266]
[364]
[62]
[264]
[366]
[46]
[266]
[173]
[278]
[363]
[38]
[355]
[355]
[285]
[368]
[67]
[355]
[270]
[372]
[69]
[315]
[195]
[299]
[374]
[70]
[264]
[197]
[350]
[373]
[69]
[300]
[174]
[296]
[373]
[67]
[279]
[198]
[282]
[197]
[310]
[374]
[66]
[257]
[195]
[355]
[258]
[372]
[67]
[262]
[194]
[355]
[355]
[304]
[367]
[45]
[355]
[272]
[166]
[369]
[46]
[272]
[173]
[299]
[174]
[286]
[370]
[48]
[355]
[257]
[176]
[267]
[368]
[46]
[355]
[260]
[174]
[256]
[365]
[45]
[271]
[190]
[335]
[173]
[292]
[367]
[43]
[355]
[355]
[266]
[365]
[62]
[257]
[364]
[45]
[266]
[171]
[256]
[363]
[38]
[300]
[195]
[355]
[355]
[271]
[367]
[66]
[355]
[266]
[194]
[258]
[368]
[67]
[340]
[195]
[267]
[369]
[69]
[348]
[197]
[273]
[370]
[67]
[331]
[195]
[276]
[369]
[66]
[345]
[166]
[263]
[194]
[283]
[367]
[64]
[355]
[270]
[192]
[265]
[366]
[66]
[355]
[355]
[277]
[367]
[47]
[276]
[173]
[355]
[268]
[175]
[261]
[368]
[48]
[342]
[176]
[278]
[370]
[50]
[331]
[190]
[309]
[178]
[261]
[369]
[48]
[355]
[299]
[368]
[47]
[258]
[176]
[355]
[272]
[175]
[288]
[365]
[45]
[355]
[355]
[321]
[366]
[67]
[262]
[173]
[263]
[365]
[59]
[256]
[363]
[55]
[264]
[363]
[43]
[338]
[194]
[355]
[325]
[187]
[274]
[367]
[60]
[355]
[188]
[268]
[369]
[62]
[355]
[256]
[190]
[372]
[63]
[347]
[191]
[271]
[369]
[62]
[309]
[190]
[298]
[369]
[60]
[344]
[188]
[281]
[370]
[58]
[355]
[269]
[366]
[51]
[268]
[183]
[367]
[60]
[257]
[186]
[355]
[355]
[304]
[179]
[273]
[368]
[50]
[355]
[295]
[369]
[51]
[263]
[171]
[282]
[178]
[313]
[179]
[281]
[368]
[53]
[355]
[280]
[181]
[268]
[368]
[51]
[334]
[195]
[301]
[365]
[50]
[273]
[179]
[355]
[265]
[178]
[302]
[365]
[48]
[355]
[355]
[327]
[362]
[43]
[263]
[364]
[50]
[265]
[365]
[67]
[307]
[188]
[299]
[176]
[355]
[355]
[312]
[368]
[59]
[355]
[340]
[366]
[60]
[316]
[187]
[355]
[287]
[365]
[62]
[265]
[188]
[355]
[355]
[365]
[60]
[278]
[190]
[355]
[271]
[188]
[355]
[282]
[366]
[59]
[297]
[187]
[355]
[355]
[344]
[365]
[57]
[311]
[185]
[355]
[355]
[355]
[355]
[355]
[355]
[291]
[363]
[59]
[355]
[355]
[355]
[355]
[355]
[355]
[355]
[355]
[355]
[355]
[355]
[355]
[300]
[171]
[295]
[178]
[355]
[284]
[187]
[260]
[195]
[355]
[355]
[355]
[355]
[355]
[355]
[355]
[355]
[355]
[355]
[325]
[366]
[66]
[260]
[362]
[62]
[273]
[364]
[50]
[256]
[363]
[38]
[355]
[355]
[355]
[355]
[287]
[166]
[355]
[355]
[303]
[178]
[355]
[355]
[355]
[355]
[355]
[355]
[355]
[327]
[372]
[67]
[355]
[269]
[190]
[355]
[355]
[320]
[366]
[54]
[263]
[365]
[50]
[355]
[257]
[371]
[69]
[275]
[194]
[259]
[364]
[62]
[312]
[195]
[355]
[355]
[355]
[355]
[355]
[355]
[355]
[310]
[373]
[70]
[341]
[190]
[270]
[197]
[355]
[355]
[315]
[371]
[64]
[262]
[370]
[55]
[338]
[178]
[258]
[182]
[355]
[355]
[355]
[295]
[371]
[65]
[263]
[368]
[57]
[260]
[367]
[50]
[311]
[183]
[290]
[198]
[355]
[260]
[192]
[355]
[322]
[373]
[69]
[355]
[355]
[355]
[330]
[373]
[67]
[261]
[367]
[58]
[266]
[362]
[62]
[280]
[193]
[310]
[185]
[275]
[178]
[355]
[355]
[295]
[197]
[290]
[371]
[65]
[329]
[195]
[271]
[190]
[355]
[355]
[355]
[355]
[311]
[369]
[67]
[261]
[365]
[51]
[303]
[193]
[355]
[283]
[186]
[355]
[355]
[355]
[274]
[365]
[60]
[355]
[318]
[188]
[270]
[368]
[58]
[355]
[322]
[369]
[60]
[261]
[195]
[258]
[366]
[57]
[277]
[186]
[355]
[355]
[355]
[272]
[367]
[55]
[321]
[373]
[72]
[270]
[179]
[355]
[319]
[188]
[355]
[342]
[367]
[50]
[355]
[267]
[375]
[70]
[279]
[365]
[62]
[302]
[183]
[334]
[200]
[272]
[185]
[355]
[355]
[277]
[369]
[54]
[355]
[290]
[182]
[262]
[178]
[265]
[369]
[52]
[355]
[355]
[325]
[180]
[274]
[367]
[53]
[260]
[367]
[50]
[355]
[374]
[69]
[309]
[190]
[289]
[198]
[355]
[355]
[328]
[374]
[64]
[262]
[181]
[262]
[369]
[55]
[305]
[197]
[355]
[355]
[346]
[374]
[69]
[256]
[372]
[65]
[258]
[368]
[57]
[306]
[183]
[268]
[192]
[355]
[355]
[317]
[185]
[274]
[368]
[55]
[268]
[374]
[70]
[264]
[367]
[62]
[283]
[193]
[259]
[197]
[355]
[183]
[283]
[367]
[53]
[355]
[352]
[181]
[261]
[373]
[72]
[259]
[372]
[63]
[260]
[368]
[55]
[274]
[367]
[48]
[273]
[178]
[275]
[190]
[323]
[198]
[355]
[355]
[285]
[375]
[60]
[270]
[368]
[57]
[275]
[191]
[290]
[183]
[281]
[185]
[260]
[176]
[355]
[343]
[188]
[355]
[355]
[313]
[368]
[46]
[260]
[366]
[58]
[299]
[373]
[74]
[265]
[370]
[67]
[280]
[200]
[355]
[355]
[355]
[355]
[355]
[355]
[355]
[346]
[371]
[65]
[325]
[195]
[339]
[202]
[355]
[355]
[267]
[174]
[261]
[186]
[262]
[365]
[53]
[355]
[355]
[355]
[355]
[262]
[364]
[48]
[268]
[363]
[56]
[276]
[181]
[272]
[370]
[72]
[355]
[355]
[355]
[355]
[280]
[193]
[258]
[369]
[60]
[296]
[184]
[355]
[355]
[323]
[367]
[55]
[304]
[176]
[278]
[371]
[63]
[355]
[343]
[188]
[355]
[339]
[367]
[46]
[355]
[355]
[355]
[325]
[366]
[45]
[276]
[365]
[53]
[338]
[174]
[355]
[355]
[355]
[271]
[372]
[70]
[306]
[173]
[278]
[200]
[335]
[198]
[277]
[183]
[355]
[355]
[271]
[370]
[70]
[267]
[364]
[62]
[276]
[366]
[46]
[272]
[181]
[355]
[355]
[355]
[293]
[198]
[272]
[191]
[264]
[366]
[52]
[355]
[308]
[174]
[276]
[366]
[50]
[282]
[180]
[274]
[178]
[355]
[355]
[284]
[366]
[41]
[256]
[369]
[69]
[278]
[364]
[53]
[267]
[190]
[355]
[355]
[355]
[276]
[368]
[57]
[355]
[355]
[355]
[323]
[370]
[60]
[355]
[355]
[294]
[197]
[355]
[262]
[370]
[48]
[319]
[169]
[355]
[355]
[355]
[256]
[370]
[51]
[269]
[366]
[43]
[355]
[264]
[372]
[67]
[267]
[176]
[310]
[181]
[266]
[185]
[355]
[335]
[188]
[308]
[371]
[55]
[355]
[355]
[355]
[289]
[372]
[58]
[261]
[369]
[50]
[355]
[291]
[179]
[355]
[351]
[183]
[279]
[371]
[62]
[287]
[178]
[288]
[195]
[355]
[355]
[307]
[369]
[50]
[289]
[374]
[66]
[287]
[186]
[355]
[355]
[355]
[287]
[372]
[60]
[353]
[194]
[332]
[190]
[355]
[277]
[171]
[355]
[273]
[372]
[67]
[259]
[366]
[55]
[256]
[368]
[58]
[299]
[188]
[323]
[178]
[355]
[355]
[355]
[186]
[355]
[355]
[355]
[324]
[367]
[50]
[355]
[275]
[366]
[62]
[261]
[369]
[57]
[372]
[69]
[312]
[183]
[319]
[195]
[355]
[355]
[355]
[276]
[370]
[55]
[355]
[355]
[355]
[304]
[371]
[54]
[355]
[259]
[183]
[355]
[355]
[351]
[371]
[52]
[282]
[182]
[276]
[178]
[355]
[355]
[355]
[355]
[294]
[370]
[54]
[290]
[180]
[355]
[355]
[355]
[355]
[355]
[327]
[368]
[50]
[274]
[182]
[296]
[178]
[355]
[352]
[367]
[50]
[355]
[355]
[326]
[363]
[45]
[355]
[355]
[336]
[365]
[42]
[344]
[173]
[355]
[355]
[307]
[185]
[270]
[170]
[275]
[364]
[38]
[355]
[319]
[190]
[284]
[166]
[350]
[178]
[355]
[355]
[355]
[355]
[290]
[365]
[50]
[355]
[278]
[371]
[66]
[260]
[363]
[62]
[355]
[297]
[190]
[355]
[355]
[306]
[197]
[302]
[365]
[62]
[355]
[355]
[355]
[269]
[366]
[60]
[355]
[278]
[188]
[279]
[369]
[58]
[352]
[186]
[271]
[368]
[60]
[326]
[188]
[303]
[369]
[58]
[332]
[186]
[291]
[368]
[57]
[348]
[185]
[287]
[369]
[55]
[335]
[183]
[268]
[370]
[57]
[355]
[258]
[185]
[268]
[369]
[55]
[340]
[183]
[282]
[373]
[67]
[262]
[370]
[57]
[343]
[185]
[265]
[190]
[257]
[194]
[369]
[55]
[336]
[178]
[287]
[369]
[54]
[331]
[183]
[289]
[182]
[271]
[367]
[52]
[355]
[355]
[271]
[370]
[69]
[268]
[364]
[54]
[263]
[363]
[62]
[256]
[366]
[50]
[260]
[180]
[332]
[195]
[355]
[311]
[190]
[277]
[369]
[60]
[355]
[267]
[368]
[62]
[268]
[188]
[344]
[372]
[63]
[261]
[197]
[295]
[190]
[313]
[191]
[264]
[373]
[65]
[355]
[265]
[374]
[67]
[289]
[193]
[325]
[373]
[69]
[288]
[195]
[355]
[265]
[373]
[70]
[270]
[367]
[62]
[291]
[197]
[355]
[355]
[258]
[375]
[74]
[326]
[190]
[271]
[198]
[355]
[313]
[375]
[72]
[270]
[371]
[64]
[267]
[369]
[55]
[332]
[182]
[328]
[178]
[321]
[376]
[70]
[302]
[192]
[307]
[202]
[355]
[285]
[183]
[278]
[200]
[258]
[375]
[69]
[269]
[369]
[57]
[257]
[368]
[50]
[259]
[368]
[65]
[330]
[198]
[355]
[295]
[178]
[262]
[370]
[48]
[355]
[273]
[371]
[50]
[275]
[176]
[305]
[185]
[311]
[372]
[51]
[273]
[193]
[293]
[178]
[289]
[370]
[53]
[287]
[179]
[295]
[181]
[265]
[370]
[55]
[355]
[280]
[183]
[269]
[369]
[57]
[355]
[336]
[371]
[67]
[260]
[185]
[258]
[368]
[58]
[261]
[362]
[62]
[259]
[366]
[50]
[333]
[197]
[355]
[355]
[355]
[355]
[277]
[368]
[65]
[317]
[195]
[355]
[306]
[190]
[355]
[355]
[355]
[274]
[364]
[51]
[266]
[367]
[67]
[355]
[258]
[193]
[291]
[178]
[317]
[186]
[355]
[272]
[365]
[62]
[355]
[355]
[306]
[371]
[60]
[292]
[190]
[355]
[341]
[374]
[58]
[280]
[188]
[355]
[346]
[195]
[256]
[370]
[57]
[258]
[372]
[60]
[288]
[186]
[355]
[355]
[268]
[376]
[72]
[355]
[355]
[275]
[368]
[55]
[265]
[374]
[70]
[286]
[179]
[355]
[343]
[373]
[69]
[260]
[188]
[274]
[200]
[291]
[198]
[355]
[353]
[368]
[50]
[355]
[271]
[374]
[70]
[269]
[363]
[62]
[290]
[185]
[263]
[197]
[336]
[183]
[355]
[355]
[266]
[370]
[55]
[355]
[355]
[308]
[370]
[54]
[284]
[183]
[355]
[285]
[182]
[287]
[370]
[52]
[355]
[355]
[297]
[369]
[53]
[261]
[190]
[258]
[371]
[69]
[340]
[180]
[355]
[257]
[198]
[269]
[178]
[261]
[370]
[60]
[355]
[355]
[261]
[371]
[62]
[288]
[188]
[355]
[288]
[190]
[305]
[373]
[67]
[256]
[372]
[64]
[328]
[197]
[355]
[346]
[369]
[50]
[318]
[374]
[69]
[257]
[371]
[65]
[306]
[192]
[275]
[195]
[296]
[181]
[355]
[313]
[373]
[64]
[257]
[375]
[67]
[299]
[193]
[283]
[197]
[355]
[289]
[374]
[69]
[260]
[373]
[65]
[256]
[369]
[53]
[286]
[192]
[273]
[195]
[355]
[315]
[377]
[70]
[264]
[372]
[62]
[272]
[193]
[256]
[197]
[355]
[355]
[313]
[369]
[48]
[264]
[370]
[55]
[298]
[181]
[262]
[178]
[261]
[375]
[72]
[267]
[373]
[63]
[291]
[190]
[267]
[198]
[355]
[355]
[274]
[374]
[62]
[261]
[370]
[53]
[263]
[183]
[285]
[191]
[355]
[292]
[181]
[275]
[370]
[55]
[376]
[63]
[281]
[190]
[355]
[333]
[374]
[60]
[267]
[368]
[57]
[262]
[183]
[191]
[271]
[176]
[268]
[185]
[355]
[355]
[263]
[188]
[281]
[372]
[58]
[268]
[370]
[46]
[344]
[376]
[74]
[344]
[200]
[355]
[341]
[375]
[67]
[355]
[355]
[269]
[374]
[65]
[288]
[195]
[355]
[320]
[186]
[295]
[374]
[63]
[298]
[193]
[355]
[342]
[374]
[65]
[343]
[191]
[355]
[286]
[372]
[58]
[355]
[331]
[174]
[310]
[372]
[57]
[287]
[186]
[355]
[270]
[202]
[346]
[371]
[55]
[257]
[185]
[355]
[355]
[355]
[290]
[368]
[56]
[274]
[367]
[48]
[307]
[372]
[72]
[328]
[193]
[310]
[183]
[355]
[346]
[373]
[65]
[355]
[355]
[303]
[373]
[64]
[303]
[193]
[355]
[330]
[369]
[62]
[280]
[192]
[355]
[334]
[184]
[259]
[176]
[265]
[370]
[63]
[258]
[365]
[55]
[288]
[190]
[355]
[355]
[270]
[368]
[46]
[355]
[340]
[200]
[299]
[174]
[256]
[367]
[45]
[353]
[183]
[355]
[282]
[365]
[43]
[263]
[173]
[355]
[355]
[329]
[369]
[72]
[263]
[361]
[53]
[256]
[171]
[260]
[365]
[45]
[284]
[191]
[355]
[355]
[355]
[262]
[368]
[63]
[355]
[298]
[200]
[300]
[173]
[310]
[370]
[62]
[355]
[353]
[191]
[264]
[372]
[60]
[296]
[190]
[355]
[343]
[370]
[62]
[263]
[364]
[46]
[258]
[365]
[50]
[347]
[181]
[355]
[276]
[374]
[70]
[355]
[355]
[278]
[368]
[52]
[260]
[374]
[69]
[298]
[198]
[278]
[174]
[277]
[190]
[290]
[178]
[310]
[180]
[291]
[375]
[67]
[296]
[197]
[355]
[339]
[188]
[275]
[365]
[53]
[258]
[367]
[41]
[355]
[374]
[69]
[355]
[256]
[195]
[355]
[355]
[273]
[370]
[62]
[355]
[355]
[262]
[372]
[60]
[292]
[190]
[355]
[305]
[181]
[301]
[373]
[58]
[289]
[188]
[355]
[341]
[370]
[60]
[338]
[186]
[355]
[305]
[366]
[53]
[355]
[325]
[169]
[286]
[181]
[271]
[366]
[52]
[355]
[355]
[288]
[180]
[257]
[366]
[50]
[355]
[289]
[197]
[355]
[355]
[276]
[367]
[67]
[267]
[363]
[43]
[272]
[365]
[51]
[344]
[188]
[260]
[178]
[355]
[355]
[368]
[60]
[355]
[355]
[271]
[188]
[270]
[367]
[59]
[355]
[355]
[267]
[187]
[260]
[368]
[57]
[355]
[330]
[185]
[291]
[368]
[58]
[263]
[195]
[260]
[363]
[50]
[295]
[179]
[355]
[342]
[369]
[67]
[355]
[355]
[290]
[371]
[66]
[263]
[171]
[355]
[260]
[195]
[294]
[178]
[336]
[373]
[64]
[297]
[194]
[355]
[355]
[263]
[366]
[50]
[259]
[365]
[38]
[343]
[371]
[66]
[294]
[192]
[277]
[186]
[355]
[355]
[355]
[262]
[369]
[58]
[355]
[355]
[294]
[369]
[57]
[355]
[268]
[186]
[355]
[273]
[178]
[368]
[55]
[289]
[185]
[355]
[350]
[367]
[57]
[310]
[183]
[355]
[328]
[367]
[48]
[355]
[355]
[280]
[176]
[260]
[194]
[262]
[367]
[46]
[315]
[166]
[355]
[333]
[366]
[45]
[288]
[174]
[355]
[355]
[304]
[366]
[62]
[279]
[365]
[46]
[261]
[363]
[38]
[278]
[185]
[318]
[173]
[355]
[355]
[259]
[369]
[57]
[355]
[355]
[292]
[369]
[55]
[287]
[185]
[341]
[174]
[355]
[261]
[183]
[263]
[367]
[54]
[355]
[355]
[291]
[366]
[55]
[320]
[182]
[355]
[354]
[366]
[46]
[355]
[355]
[324]
[364]
[45]
[292]
[174]
[355]
[355]
[295]
[166]
[272]
[365]
[43]
[281]
[173]
[355]
[283]
[190]
[355]
[355]
[299]
[362]
[62]
[270]
[363]
[45]
[256]
[363]
[38]
[294]
[171]
[329]
[183]
[355]
[355]
[291]
[365]
[55]
[355]
[355]
[355]
[309]
[365]
[54]
[294]
[183]
[355]
[355]
[355]
[355]
[315]
[363]
[52]
[355]
[291]
[182]
[355]
[355]
[355]
[355]
[355]
[355]
[355]
[355]
[333]
[364]
[54]
[355]
[314]
[180]
[355]
[355]
[355]
[355]
[355]
[355]
[355]
[355]
[355]
[354]
[166]
[355]
[271]
[173]
[279]
[182]
[276]
[190]
[355]
[355]
[355]
[355]
[355]
[355]
[355]
[355]
[355]
[355]
[355]
[288]
[362]
[53]
[263]
[363]
[46]
[355]
[258]
[365]
[62]
[355]
[355]
[355]
[355]
[355]
[355]
[355]
[355]
[355]
[342]
[363]
[55]
[355]
[336]
[181]
[268]
[174]
[355]
[337]
[371]
[64]
[355]
[268]
[190]
[355]
[355]
[297]
[366]
[50]
[257]
[366]
[46]
[326]
[183]
[339]
[372]
[65]
[333]
[192]
[355]
[355]
[315]
[372]
[62]
[347]
[193]
[355]
[301]
[190]
[288]
[174]
[278]
[370]
[58]
[352]
[178]
[275]
[374]
[67]
[280]
[360]
[62]
[355]
[355]
[355]
[260]
[369]
[50]
[269]
[367]
[46]
[330]
[174]
[263]
[178]
[355]
[355]
[348]
[370]
[60]
[256]
[366]
[48]
[258]
[368]
[52]
[324]
[190]
[303]
[186]
[355]
[355]
[305]
[373]
[65]
[350]
[195]
[342]
[193]
[355]
[355]
[348]
[370]
[65]
[262]
[364]
[53]
[270]
[364]
[57]
[281]
[180]
[355]
[267]
[188]
[258]
[176]
[355]
[355]
[266]
[185]
[355]
[355]
[355]
[355]
[355]
[355]
[335]
[365]
[60]
[257]
[365]
[48]
[274]
[363]
[55]
[355]
[267]
[181]
[355]
[345]
[371]
[64]
[260]
[188]
[329]
[193]
[331]
[192]
[261]
[368]
[62]
[355]
[353]
[373]
[67]
[259]
[372]
[63]
[295]
[190]
[355]
[355]
[259]
[176]
[284]
[183]
[259]
[374]
[69]
[302]
[195]
[355]
[355]
[355]
[259]
[367]
[43]
[264]
[367]
[55]
[297]
[373]
[70]
[258]
[197]
[301]
[191]
[355]
[355]
[343]
[371]
[62]
[355]
[320]
[373]
[60]
[288]
[190]
[355]
[281]
[373]
[62]
[289]
[188]
[267]
[198]
[355]
[355]
[315]
[367]
[45]
[264]
[375]
[72]
[258]
[183]
[355]
[355]
[355]
[300]
[367]
[46]
[315]
[173]
[273]
[375]
[74]
[315]
[171]
[276]
[190]
[355]
[348]
[200]
[277]
[202]
[277]
[369]
[62]
[355]
[355]
[355]
[283]
[364]
[50]
[266]
[371]
[67]
[262]
[370]
[58]
[308]
[174]
[190]
[355]
[333]
[178]
[355]
[282]
[370]
[60]
[354]
[195]
[355]
[344]
[186]
[273]
[365]
[50]
[292]
[371]
[65]
[278]
[188]
[355]
[355]
[335]
[364]
[38]
[286]
[367]
[57]
[276]
[178]
[274]
[166]
[355]
[355]
[351]
[369]
[63]
[262]
[366]
[55]
[273]
[185]
[281]
[357]
[58]
[355]
[355]
[316]
[183]
[274]
[193]
[276]
[366]
[62]
[285]
[191]
[257]
[186]
[355]
[355]
[349]
[368]
[55]
[270]
[366]
[51]
[355]
[327]
[190]
[355]
[302]
[370]
[60]
[355]
[304]
[188]
[374]
[58]
[355]
[326]
[371]
[60]
[269]
[377]
[75]
[344]
[179]
[268]
[188]
[355]
[355]
[264]
[370]
[62]
[256]
[183]
[259]
[377]
[77]
[256]
[368]
[50]
[294]
[178]
[260]
[186]
[267]
[203]
[355]
[355]
[355]
[289]
[370]
[48]
[368]
[51]
[369]
[55]
[349]
[377]
[79]
[355]
[281]
[190]
[294]
[205]
[355]
[278]
[179]
[261]
[176]
[271]
[183]
[283]
[376]
[67]
[265]
[207]
[355]
[355]
[355]
[273]
[374]
[63]
[375]
[72]
[259]
[368]
[48]
[294]
[195]
[355]
[355]
[305]
[176]
[262]
[367]
[50]
[277]
[374]
[65]
[287]
[178]
[261]
[191]
[355]
[355]
[355]
[287]
[372]
[67]
[270]
[367]
[51]
[260]
[366]
[43]
[272]
[193]
[355]
[355]
[355]
[276]
[373]
[70]
[355]
[276]
[200]
[256]
[374]
[69]
[292]
[198]
[355]
[303]
[374]
[70]
[259]
[171]
[283]
[363]
[55]
[258]
[179]
[365]
[50]
[293]
[197]
[355]
[355]
[314]
[178]
[262]
[371]
[72]
[268]
[365]
[45]
[283]
[195]
[288]
[198]
[355]
[355]
[355]
[277]
[173]
[256]
[369]
[74]
[259]
[363]
[53]
[258]
[365]
[46]
[287]
[200]
[292]
[183]
[355]
[355]
[256]
[174]
[263]
[181]
[330]
[364]
[62]
[355]
[355]
[355]
[289]
[371]
[67]
[263]
[190]
[261]
[360]
[51]
[258]
[365]
[58]
[262]
[364]
[55]
[355]
[303]
[202]
[355]
[314]
[367]
[60]
[257]
[374]
[69]
[265]
[195]
[287]
[179]
[262]
[188]
[267]
[183]
[355]
[300]
[186]
[355]
[337]
[365]
[62]
[265]
[364]
[50]
[267]
[366]
[53]
[339]
[370]
[70]
[372]
[74]
[355]
[268]
[197]
[355]
[355]
[274]
[375]
[75]
[355]
[276]
[178]
[355]
[291]
[181]
[330]
[374]
[77]
[263]
[371]
[69]
[281]
[202]
[333]
[198]
[355]
[351]
[370]
[55]
[259]
[368]
[52]
[277]
[203]
[321]
[180]
[289]
[183]
[355]
[353]
[371]
[53]
[294]
[190]
[257]
[205]
[355]
[355]
[348]
[375]
[76]
[261]
[371]
[64]
[355]
[355]
[355]
[263]
[375]
[74]
[256]
[181]
[265]
[192]
[271]
[366]
[65]
[340]
[204]
[355]
[355]
[279]
[369]
[55]
[330]
[197]
[355]
[355]
[308]
[367]
[57]
[263]
[193]
[259]
[374]
[72]
[355]
[325]
[183]
[355]
[294]
[367]
[64]
[355]
[256]
[202]
[355]
[355]
[323]
[371]
[70]
[274]
[363]
[62]
[258]
[364]
[65]
[264]
[364]
[58]
[277]
[185]
[267]
[200]
[275]
[192]
[355]
[355]
[355]
[298]
[190]
[355]
[355]
[298]
[363]
[53]
[315]
[186]
[274]
[368]
[69]
[326]
[198]
[297]
[193]
[355]
[355]
[261]
[367]
[64]
[302]
[361]
[60]
[355]
[355]
[275]
[181]
[295]
[192]
[266]
[371]
[67]
[258]
[365]
[58]
[258]
[363]
[55]
[272]
[188]
[322]
[197]
[355]
[266]
[183]
[355]
[305]
[373]
[79]
[354]
[195]
[355]
[355]
[318]
[369]
[69]
[261]
[363]
[60]
[264]
[365]
[48]
[300]
[186]
[355]
[355]
[314]
[188]
[276]
[207]
[371]
[77]
[302]
[197]
[355]
[355]
[318]
[205]
[306]
[369]
[75]
[266]
[362]
[60]
[266]
[363]
[67]
[305]
[372]
[77]
[267]
[203]
[324]
[176]
[264]
[205]
[271]
[367]
[79]
[355]
[355]
[278]
[207]
[279]
[369]
[77]
[355]
[271]
[205]
[295]
[369]
[75]
[292]
[203]
[355]
[332]
[368]
[74]
[264]
[365]
[50]
[276]
[195]
[257]
[364]
[66]
[336]
[188]
[355]
[355]
[287]
[369]
[58]
[355]
[282]
[186]
[287]
[368]
[57]
[355]
[306]
[185]
[280]
[369]
[58]
[290]
[369]
[67]
[296]
[186]
[263]
[369]
[60]
[305]
[188]
[284]
[367]
[62]
[275]
[194]
[355]
[340]
[190]
[292]
[366]
[60]
[280]
[178]
[340]
[202]
[301]
[367]
[58]
[297]
[188]
[355]
[318]
[186]
[266]
[366]
[57]
[271]
[369]
[74]
[258]
[364]
[50]
[307]
[195]
[355]
[355]
[355]
[292]
[364]
[55]
[261]
[369]
[66]
[298]
[185]
[355]
[307]
[369]
[64]
[259]
[194]
[355]
[355]
[271]
[365]
[57]
[258]
[367]
[66]
[271]
[183]
[323]
[192]
[292]
[202]
[349]
[194]
[266]
[369]
[67]
[355]
[355]
[355]
[355]
[317]
[185]
[275]
[365]
[66]
[297]
[195]
[355]
[355]
[318]
[364]
[55]
[276]
[178]
[305]
[367]
[71]
[266]
[363]
[62]
[258]
[366]
[67]
[307]
[194]
[355]
[355]
[355]
[292]
[364]
[43]
[355]
[355]
[355]
[355]
[279]
[364]
[50]
[355]
[263]
[183]
[355]
[355]
[355]
[355]
[309]
[363]
[55]
[324]
[171]
[321]
[178]
[348]
[199]
[325]
[195]
[355]
[268]
[190]
[355]
[355]
[355]
[355]
[355]
[293]
[362]
[53]
[263]
[364]
[46]
[355]
[257]
[364]
[62]
[271]
[183]
[355]
[355]
[355]
[355]
[309]
[367]
[67]
[355]
[321]
[367]
[65]
[262]
[190]
[324]
[195]
[316]
[369]
[63]
[265]
[193]
[350]
[367]
[62]
[264]
[191]
[327]
[190]
[269]
[370]
[60]
[351]
[188]
[280]
[369]
[58]
[338]
[186]
[258]
[370]
[57]
[326]
[185]
[273]
[371]
[55]
[328]
[183]
[279]
[371]
[57]
[336]
[373]
[58]
[260]
[185]
[277]
[369]
[55]
[266]
[181]
[271]
[174]
[271]
[186]
[277]
[371]
[60]
[344]
[371]
[62]
[258]
[188]
[332]
[375]
[64]
[266]
[190]
[318]
[192]
[280]
[375]
[65]
[292]
[368]
[50]
[261]
[368]
[46]
[349]
[183]
[345]
[374]
[67]
[284]
[193]
[323]
[373]
[69]
[285]
[195]
[299]
[375]
[70]
[284]
[197]
[302]
[198]
[272]
[375]
[72]
[346]
[374]
[74]
[309]
[200]
[288]
[202]
[256]
[373]
[75]
[355]
[203]
[261]
[174]
[258]
[366]
[58]
[373]
[74]
[276]
[178]
[288]
[202]
[278]
[370]
[72]
[331]
[200]
[282]
[371]
[70]
[341]
[198]
[259]
[370]
[69]
[303]
[197]
[295]
[368]
[67]
[274]
[365]
[46]
[300]
[195]
[296]
[367]
[65]
[340]
[370]
[64]
[264]
[193]
[337]
[192]
[271]
[366]
[62]
[355]
[260]
[366]
[48]
[279]
[190]
[262]
[174]
[263]
[371]
[64]
[270]
[186]
[317]
[192]
[285]
[368]
[62]
[348]
[372]
[64]
[259]
[190]
[350]
[192]
[370]
[65]
[328]
[371]
[67]
[278]
[193]
[319]
[367]
[60]
[322]
[195]
[261]
[188]
[275]
[367]
[62]
[341]
[370]
[64]
[271]
[190]
[316]
[367]
[57]
[285]
[371]
[65]
[287]
[185]
[270]
[192]
[270]
[370]
[55]
[322]
[183]
[286]
[370]
[57]
[302]
[185]
[305]
[372]
[58]
[317]
[186]
[271]
[371]
[60]
[322]
[188]
[278]
[370]
[53]
[301]
[176]
[302]
[181]
[372]
[55]
[292]
[183]
[294]
[368]
[57]
[340]
[185]
[270]
[368]
[55]
[262]
[368]
[60]
[261]
[367]
[48]
[272]
[193]
[355]
[355]
[266]
[372]
[65]
[355]
[266]
[183]
[335]
[374]
[64]
[355]
[331]
[373]
[62]
[275]
[188]
[193]
[298]
[192]
[355]
[307]
[373]
[63]
[263]
[368]
[55]
[319]
[190]
[355]
[262]
[191]
[267]
[370]
[60]
[346]
[371]
[62]
[261]
[188]
[338]
[374]
[63]
[282]
[190]
[307]
[191]
[263]
[374]
[65]
[271]
[183]
[264]
[176]
[323]
[375]
[67]
[285]
[193]
[316]
[375]
[69]
[303]
[195]
[355]
[281]
[368]
[55]
[259]
[374]
[70]
[261]
[366]
[43]
[270]
[197]
[355]
[355]
[349]
[372]
[63]
[355]
[355]
[268]
[371]
[62]
[271]
[171]
[355]
[343]
[372]
[60]
[288]
[190]
[333]
[191]
[354]
[373]
[62]
[297]
[188]
[339]
[198]
[295]
[368]
[48]
[350]
[176]
[369]
[50]
[288]
[183]
[333]
[370]
[51]
[272]
[376]
[72]
[277]
[178]
[290]
[368]
[53]
[278]
[179]
[278]
[181]
[285]
[369]
[55]
[355]
[267]
[183]
[369]
[57]
[355]
[275]
[185]
[276]
[368]
[55]
[268]
[370]
[58]
[257]
[375]
[74]
[303]
[190]
[355]
[323]
[372]
[62]
[270]
[183]
[261]
[186]
[275]
[202]
[264]
[200]
[355]
[298]
[376]
[64]
[339]
[190]
[355]
[259]
[374]
[65]
[323]
[192]
[355]
[257]
[366]
[50]
[265]
[366]
[43]
[271]
[365]
[55]
[275]
[374]
[67]
[355]
[355]
[264]
[372]
[60]
[279]
[183]
[261]
[193]
[355]
[300]
[171]
[269]
[195]
[257]
[178]
[287]
[370]
[62]
[272]
[367]
[58]
[296]
[188]
[355]
[332]
[371]
[64]
[268]
[365]
[60]
[284]
[190]
[286]
[186]
[355]
[318]
[367]
[50]
[261]
[370]
[65]
[315]
[178]
[284]
[369]
[38]
[298]
[166]
[276]
[192]
[278]
[369]
[50]
[340]
[178]
[271]
[369]
[51]
[317]
[179]
[285]
[371]
[57]
[258]
[370]
[53]
[278]
[188]
[308]
[181]
[277]
[370]
[50]
[342]
[371]
[51]
[269]
[178]
[307]
[179]
[257]
[370]
[53]
[320]
[181]
[271]
[372]
[55]
[374]
[63]
[257]
[185]
[314]
[183]
[276]
[193]
[261]
[372]
[43]
[317]
[171]
[289]
[371]
[55]
[341]
[370]
[57]
[256]
[183]
[325]
[185]
[259]
[372]
[62]
[272]
[373]
[58]
[343]
[191]
[266]
[373]
[57]
[272]
[186]
[285]
[185]
[295]
[372]
[55]
[312]
[183]
[299]
[370]
[53]
[347]
[371]
[51]
[262]
[190]
[256]
[370]
[55]
[272]
[181]
[355]
[355]
[263]
[371]
[60]
[344]
[371]
[62]
[277]
[188]
[332]
[375]
[63]
[288]
[190]
[307]
[191]
[257]
[376]
[65]
[351]
[376]
[67]
[294]
[193]
[313]
[375]
[69]
[317]
[195]
[292]
[376]
[70]
[270]
[369]
[60]
[261]
[183]
[267]
[197]
[299]
[179]
[269]
[374]
[67]
[287]
[198]
[325]
[376]
[69]
[275]
[195]
[329]
[377]
[70]
[288]
[197]
[291]
[370]
[62]
[267]
[369]
[50]
[278]
[379]
[72]
[259]
[198]
[268]
[188]
[348]
[379]
[74]
[282]
[190]
[258]
[178]
[299]
[200]
[293]
[379]
[75]
[305]
[202]
[319]
[379]
[77]
[293]
[203]
[355]
[303]
[371]
[63]
[256]
[368]
[55]
[278]
[368]
[51]
[261]
[377]
[79]
[256]
[366]
[48]
[295]
[205]
[355]
[311]
[376]
[77]
[354]
[207]
[290]
[377]
[75]
[333]
[205]
[289]
[377]
[74]
[319]
[203]
[262]
[176]
[258]
[183]
[281]
[377]
[72]
[258]
[202]
[354]
[378]
[74]
[288]
[200]
[318]
[378]
[75]
[288]
[202]
[310]
[375]
[77]
[307]
[203]
[314]
[377]
[79]
[260]
[369]
[48]
[370]
[55]
[269]
[191]
[271]
[205]
[336]
[179]
[265]
[375]
[77]
[267]
[207]
[342]
[375]
[79]
[288]
[205]
[281]
[207]
[279]
[375]
[67]
[346]
[375]
[72]
[257]
[370]
[50]
[283]
[195]
[263]
[176]
[318]
[376]
[70]
[256]
[200]
[257]
[183]
[291]
[178]
[312]
[375]
[72]
[286]
[198]
[301]
[374]
[65]
[298]
[200]
[325]
[371]
[51]
[273]
[367]
[43]
[355]
[355]
[269]
[374]
[71]
[352]
[375]
[72]
[311]
[199]
[293]
[374]
[74]
[261]
[200]
[348]
[376]
[72]
[259]
[202]
[335]
[373]
[71]
[282]
[200]
[322]
[199]
[267]
[372]
[69]
[355]
[262]
[366]
[50]
[267]
[372]
[70]
[292]
[171]
[256]
[197]
[257]
[193]
[317]
[179]
[354]
[198]
[266]
[371]
[72]
[355]
[263]
[373]
[70]
[258]
[200]
[340]
[178]
[262]
[371]
[69]
[266]
[367]
[45]
[267]
[198]
[310]
[197]
[263]
[371]
[67]
[330]
[195]
[292]
[370]
[65]
[346]
[193]
[279]
[369]
[64]
[355]
[321]
[192]
[263]
[372]
[74]
[262]
[369]
[70]
[258]
[367]
[65]
[256]
[366]
[46]
[355]
[260]
[173]
[273]
[369]
[48]
[293]
[174]
[307]
[176]
[264]
[369]
[50]
[310]
[178]
[311]
[368]
[46]
[331]
[174]
[310]
[370]
[58]
[351]
[186]
[284]
[369]
[57]
[355]
[259]
[369]
[55]
[263]
[185]
[330]
[183]
[267]
[369]
[53]
[350]
[373]
[67]
[265]
[369]
[51]
[260]
[181]
[265]
[370]
[55]
[256]
[193]
[337]
[183]
[262]
[370]
[57]
[279]
[198]
[298]
[185]
[264]
[373]
[58]
[340]
[186]
[262]
[179]
[262]
[371]
[55]
[329]
[183]
[282]
[371]
[60]
[268]
[376]
[69]
[275]
[202]
[325]
[195]
[278]
[188]
[370]
[62]
[333]
[190]
[373]
[63]
[341]
[191]
[271]
[371]
[60]
[355]
[259]
[188]
[262]
[375]
[74]
[257]
[375]
[70]
[257]
[371]
[50]
[355]
[266]
[373]
[51]
[263]
[178]
[323]
[179]
[256]
[372]
[53]
[346]
[372]
[50]
[295]
[181]
[308]
[178]
[266]
[373]
[55]
[263]
[377]
[75]
[343]
[202]
[275]
[373]
[57]
[275]
[183]
[298]
[185]
[275]
[375]
[58]
[343]
[373]
[55]
[261]
[186]
[283]
[197]
[355]
[268]
[183]
[264]
[373]
[50]
[261]
[377]
[77]
[256]
[370]
[62]
[264]
[369]
[69]
[355]
[303]
[190]
[267]
[373]
[51]
[275]
[178]
[333]
[179]
[262]
[373]
[53]
[355]
[262]
[375]
[50]
[256]
[181]
[352]
[374]
[52]
[285]
[178]
[311]
[180]
[258]
[372]
[53]
[322]
[181]
[277]
[372]
[55]
[343]
[369]
[52]
[258]
[183]
[289]
[180]
[355]
[315]
[371]
[62]
[284]
[365]
[53]
[332]
[181]
[297]
[190]
[256]
[203]
[267]
[372]
[64]
[314]
[197]
[279]
[192]
[281]
[373]
[65]
[355]
[193]
[371]
[62]
[344]
[375]
[76]
[263]
[374]
[64]
[270]
[190]
[258]
[366]
[67]
[273]
[205]
[265]
[195]
[303]
[198]
[259]
[192]
[282]
[372]
[65]
[346]
[193]
[264]
[372]
[67]
[338]
[195]
[294]
[367]
[67]
[316]
[195]
[355]
[327]
[373]
[74]
[267]
[368]
[53]
[256]
[368]
[65]
[267]
[366]
[69]
[290]
[204]
[348]
[369]
[55]
[276]
[181]
[321]
[183]
[282]
[370]
[57]
[355]
[269]
[369]
[53]
[268]
[185]
[352]
[371]
[55]
[296]
[181]
[317]
[370]
[57]
[266]
[183]
[262]
[193]
[317]
[185]
[262]
[372]
[58]
[355]
[267]
[370]
[55]
[289]
[186]
[355]
[274]
[373]
[72]
[258]
[197]
[260]
[370]
[57]
[284]
[202]
[265]
[183]
[265]
[362]
[65]
[355]
[282]
[371]
[67]
[313]
[193]
[305]
[373]
[69]
[321]
[195]
[300]
[373]
[65]
[261]
[197]
[355]
[262]
[376]
[69]
[304]
[193]
[267]
[185]
[299]
[374]
[67]
[311]
[197]
[310]
[372]
[65]
[257]
[195]
[355]
[261]
[373]
[64]
[272]
[193]
[355]
[334]
[366]
[65]
[256]
[373]
[70]
[278]
[363]
[62]
[261]
[363]
[58]
[272]
[192]
[288]
[200]
[331]
[186]
[278]
[369]
[60]
[346]
[190]
[275]
[188]
[373]
[58]
[355]
[272]
[373]
[60]
[312]
[186]
[278]
[188]
[263]
[371]
[62]
[355]
[256]
[190]
[264]
[373]
[60]
[347]
[188]
[264]
[371]
[62]
[285]
[198]
[338]
[190]
[263]
[373]
[64]
[292]
[193]
[355]
[300]
[369]
[60]
[258]
[371]
[69]
[259]
[367]
[53]
[257]
[192]
[355]
[311]
[372]
[70]
[330]
[197]
[276]
[374]
[72]
[303]
[198]
[310]
[374]
[69]
[279]
[200]
[335]
[375]
[74]
[267]
[188]
[258]
[197]
[340]
[374]
[72]
[313]
[202]
[295]
[375]
[70]
[305]
[200]
[294]
[374]
[69]
[304]
[198]
[310]
[197]
[256]
[373]
[67]
[267]
[368]
[58]
[257]
[366]
[55]
[258]
[365]
[62]
[292]
[181]
[306]
[195]
[257]
[374]
[66]
[355]
[194]
[258]
[375]
[67]
[355]
[375]
[69]
[298]
[195]
[319]
[375]
[70]
[312]
[197]
[264]
[190]
[298]
[376]
[67]
[282]
[198]
[283]
[186]
[256]
[183]
[316]
[376]
[69]
[298]
[195]
[337]
[378]
[70]
[307]
[197]
[355]
[260]
[368]
[55]
[263]
[377]
[72]
[256]
[367]
[60]
[264]
[366]
[48]
[265]
[198]
[355]
[337]
[377]
[74]
[310]
[200]
[344]
[377]
[75]
[329]
[202]
[304]
[376]
[77]
[312]
[203]
[317]
[376]
[79]
[279]
[205]
[344]
[376]
[77]
[279]
[207]
[332]
[377]
[75]
[288]
[205]
[328]
[377]
[74]
[302]
[203]
[310]
[202]
[260]
[376]
[72]
[331]
[200]
[311]
[374]
[74]
[307]
[202]
[329]
[374]
[70]
[284]
[198]
[355]
[256]
[373]
[72]
[292]
[200]
[266]
[188]
[336]
[374]
[69]
[355]
[286]
[372]
[70]
[271]
[197]
[355]
[300]
[198]
[257]
[365]
[60]
[256]
[371]
[67]
[355]
[263]
[183]
[268]
[176]
[295]
[372]
[69]
[297]
[188]
[286]
[195]
[355]
[338]
[370]
[66]
[270]
[364]
[50]
[262]
[363]
[57]
[264]
[363]
[60]
[261]
[197]
[355]
[306]
[370]
[64]
[256]
[194]
[355]
[288]
[372]
[66]
[286]
[192]
[342]
[371]
[67]
[326]
[188]
[266]
[194]
[265]
[372]
[69]
[326]
[195]
[286]
[371]
[62]
[347]
[374]
[64]
[263]
[190]
[270]
[197]
[322]
[373]
[66]
[265]
[192]
[298]
[185]
[279]
[368]
[58]
[262]
[368]
[55]
[257]
[194]
[262]
[373]
[67]
[355]
[375]
[69]
[281]
[195]
[326]
[376]
[70]
[287]
[197]
[317]
[376]
[72]
[263]
[198]
[355]
[376]
[74]
[276]
[178]
[293]
[200]
[330]
[376]
[76]
[305]
[202]
[307]
[186]
[280]
[375]
[78]
[289]
[204]
[351]
[376]
[79]
[285]
[206]
[355]
[259]
[367]
[50]
[260]
[367]
[57]
[325]
[375]
[81]
[290]
[207]
[301]
[183]
[355]
[275]
[374]
[79]
[355]
[263]
[209]
[274]
[375]
[78]
[309]
[207]
[307]
[374]
[76]
[331]
[206]
[285]
[375]
[74]
[256]
[204]
[355]
[266]
[376]
[76]
[301]
[202]
[321]
[376]
[78]
[308]
[204]
[331]
[375]
[79]
[335]
[206]
[314]
[367]
[54]
[281]
[375]
[81]
[301]
[207]
[355]
[283]
[374]
[79]
[281]
[209]
[355]
[313]
[374]
[81]
[322]
[207]
[344]
[209]
[310]
[371]
[69]
[355]
[355]
[275]
[371]
[74]
[294]
[197]
[281]
[202]
[355]
[329]
[371]
[72]
[318]
[200]
[355]
[355]
[264]
[371]
[74]
[355]
[292]
[202]
[355]
[355]
[290]
[366]
[62]
[355]
[260]
[178]
[301]
[185]
[270]
[182]
[355]
[325]
[190]
[355]
[355]
[355]
[355]
[278]
[364]
[43]
[266]
[364]
[55]
[344]
[370]
[71]
[262]
[363]
[62]
[264]
[367]
[67]
[355]
[355]
[355]
[355]
[313]
[183]
[355]
[355]
[355]
[355]
[355]
[355]
[282]
[362]
[55]
[355]
[355]
[355]
[327]
[364]
[50]
[355]
[329]
[183]
[355]
[355]
[355]
[355]
[355]
[355]
[355]
[296]
[364]
[55]
[355]
[261]
[178]
[355]
[355]
[355]
[311]
[183]
[355]
[355]
[355]
[355]
[355]
[355]
[355]
[355]
[355]
[355]
[355]
[355]
[355]
[355]
[325]
[363]
[55]
[355]
[355]
[355]
[355]
[355]
[355]
[355]
[355]
[355]
[355]
[355]
[355]
[355]
[355]
[355]
[355]
[355]
[355]
[342]
[190]
[355]
[355]
[355]
[355]
[355]
[341]
[183]
[355]
[355]
[355]
[355]
[355]
[355]
[355]
[355]
[355]
[355]
[355]
[355]
[355]
[355]
[355]
[355]
[355]
[355]
[355]
[337]
[199]
[355]
[355]
[293]
[195]
[355]
[355]
[355]
[355]
[355]
[260]
[171]
