355
355
355
355
355
355
355
328
62
268
59
271
35
54
260
42
260
50
259
47
355
355
319
178
339
182
297
175
355
323
187
355
355
355
320
61
261
58
328
190
327
47
267
40
350
62
281
55
263
59
280
186
291
189
351
170
301
163
355
355
336
187
355
355
355
355
355
355
276
64
279
61
355
345
190
355
299
168
303
175
276
192
266
183
303
189
355
355
355
355
355
355
355
355
355
355
355
355
355
355
355
350
47
260
62
260
35
261
59
259
42
279
54
259
50
355
355
326
178
355
261
182
355
280
175
187
355
355
348
61
260
58
340
190
347
40
259
47
355
288
62
262
55
282
59
322
186
269
189
290
170
314
163
355
355
261
61
261
58
281
187
295
190
355
311
62
258
186
263
59
323
187
262
189
279
190
355
344
64
260
61
355
355
355
338
168
291
175
314
183
317
189
284
192
355
355
355
355
355
355
355
355
355
355
324
47
266
35
312
62
279
59
260
54
347
187
355
264
175
326
64
262
61
267
190
355
333
66
274
62
256
189
287
192
291
194
258
182
355
300
190
268
40
257
28
327
66
258
69
265
163
262
59
266
55
355
355
355
355
336
156
310
197
309
183
355
355
342
187
355
355
355
355
355
355
355
257
194
308
33
260
45
321
67
260
64
257
61
280
55
263
57
355
296
168
355
315
192
262
173
355
355
355
353
195
354
69
265
66
297
183
282
185
267
194
270
197
355
284
26
261
38
306
67
260
64
276
57
259
55
347
161
257
189
355
314
195
261
192
355
301
183
261
185
355
355
355
355
290
62
261
66
264
57
259
54
355
355
355
330
182
279
154
260
185
263
166
283
190
288
194
355
355
355
355
355
355
355
355
309
66
272
62
355
355
302
190
283
64
276
61
315
194
354
62
258
189
264
59
309
192
270
187
267
190
340
40
259
28
345
66
261
62
273
55
355
355
355
355
355
355
325
64
257
190
266
61
355
310
194
355
300
156
302
183
271
168
309
189
355
283
192
308
41
261
29
329
64
273
61
263
56
355
355
290
157
276
169
279
189
355
355
355
339
62
267
59
305
192
288
187
260
190
276
184
355
355
257
44
263
32
323
61
271
49
59
266
56
355
355
355
352
187
272
172
306
184
317
177
355
355
355
355
355
355
355
355
262
58
260
54
257
42
49
274
30
355
263
160
285
189
355
355
355
158
305
177
258
186
263
182
258
170
355
355
355
355
355
355
355
355
355
355
355
355
355
355
355
355
355
355
355
355
355
276
62
280
59
264
47
260
54
258
42
256
50
262
35
355
355
326
178
327
175
299
182
326
187
355
355
355
318
58
258
61
312
190
355
266
40
260
47
355
263
62
286
55
257
59
278
186
321
170
258
189
355
266
163
355
355
264
187
355
355
355
355
355
272
64
267
61
355
335
190
355
355
305
189
355
283
168
258
192
263
183
265
175
355
355
355
326
62
258
59
316
187
275
190
355
289
42
259
35
355
267
61
257
58
294
50
354
186
355
290
59
274
56
273
189
355
306
178
61
264
187
259
58
278
184
294
186
302
189
321
40
262
47
347
62
283
170
260
59
266
55
325
163
355
269
187
355
313
61
264
58
300
190
288
186
355
262
62
279
59
283
189
355
355
291
64
256
61
283
187
292
190
355
355
270
168
279
175
296
183
297
189
260
192
355
355
355
355
355
355
355
355
346
35
257
47
353
62
263
59
272
54
355
272
187
295
175
355
257
64
274
61
270
190
355
298
66
272
62
274
189
256
192
283
182
280
194
355
265
28
256
40
286
163
302
69
256
66
264
55
259
59
355
355
355
355
355
355
355
261
190
317
197
355
355
355
355
265
156
325
67
264
64
296
194
267
187
336
183
355
267
192
355
325
66
261
62
287
195
289
190
355
279
33
257
45
280
168
308
67
265
64
260
61
267
194
258
55
57
280
189
276
192
315
183
262
185
306
173
303
69
263
66
278
195
355
297
71
261
67
279
194
267
197
294
195
290
199
355
272
42
258
30
314
161
269
71
259
67
269
62
256
57
355
355
355
355
282
199
355
355
355
320
69
269
66
333
195
355
355
355
281
158
340
185
355
275
190
355
286
194
355
318
67
278
64
271
197
291
192
355
272
47
258
35
273
170
335
69
259
66
259
63
262
57
59
263
195
294
191
271
194
271
185
264
187
271
175
341
197
274
71
263
67
355
315
72
260
69
276
195
261
199
313
197
284
200
337
28
257
40
283
163
303
69
257
72
258
64
264
59
355
355
270
187
266
156
304
200
258
197
355
332
71
262
67
282
192
326
199
331
195
267
55
272
33
256
45
293
61
260
168
263
183
289
67
293
71
355
263
195
280
173
272
199
321
161
297
69
257
66
280
189
344
194
306
67
258
64
278
197
291
192
300
195
319
26
256
38
314
67
71
266
57
62
355
347
195
259
154
302
199
355
336
69
262
66
271
185
267
190
288
197
351
194
272
54
295
31
43
284
182
59
265
166
291
66
302
69
355
262
194
277
197
329
171
275
159
276
187
260
67
257
64
355
339
62
258
66
280
195
259
192
289
190
295
194
351
25
37
324
66
263
69
257
59
264
55
355
355
268
197
273
187
270
194
355
355
64
67
258
58
302
153
291
165
262
183
279
195
263
186
256
192
355
317
62
256
66
261
38
258
26
59
258
54
355
277
190
274
154
267
182
259
194
272
166
355
295
64
258
61
269
55
257
40
258
28
273
187
351
192
265
156
257
189
261
183
264
168
355
355
314
62
269
56
256
59
261
29
41
355
355
355
355
259
157
268
187
290
190
284
169
290
184
355
355
355
355
275
61
267
32
257
53
256
44
269
49
343
181
305
172
177
311
189
355
322
58
274
160
264
52
256
30
257
49
264
42
355
355
336
170
317
180
259
186
319
177
354
158
355
355
355
355
355
355
355
339
59
270
35
269
50
261
42
355
355
313
178
273
187
170
261
163
355
355
355
355
355
355
355
355
355
355
355
355
355
355
355
355
355
355
355
355
355
355
355
355
355
355
264
61
286
58
261
42
259
49
258
30
355
355
355
355
355
293
186
355
355
338
59
268
56
290
189
324
177
316
35
354
61
280
50
268
58
288
187
292
184
316
158
355
355
355
345
186
355
355
352
62
269
59
355
308
189
355
355
349
190
273
170
296
187
269
163
355
261
178
355
355
355
339
61
276
58
355
186
270
189
355
262
42
262
30
355
260
59
276
56
274
49
355
355
287
184
256
58
266
54
279
187
355
298
59
256
56
269
182
256
177
186
315
184
355
287
35
355
257
61
278
58
256
50
335
187
355
256
158
355
355
355
355
355
355
277
62
285
59
355
285
189
314
186
355
335
178
321
190
262
170
289
163
287
187
355
355
355
355
355
355
355
355
355
355
332
40
316
59
273
56
263
52
355
355
355
355
274
184
355
355
355
260
61
258
57
343
187
355
304
45
259
33
355
291
62
287
59
311
168
260
185
262
189
355
355
325
61
276
57
274
190
289
187
355
266
189
270
62
271
185
59
307
187
273
190
355
291
64
284
61
318
189
320
192
257
173
277
180
355
293
62
267
59
262
53
258
38
267
45
336
181
257
161
267
187
270
173
320
166
355
355
342
61
273
52
261
45
262
33
273
57
321
190
355
324
180
314
185
269
161
257
189
300
173
355
355
355
280
62
276
59
355
355
355
333
187
355
355
355
281
64
277
61
272
190
355
289
189
294
192
282
45
256
38
329
64
262
61
276
53
355
355
355
355
355
355
355
355
65
280
62
355
304
192
267
189
355
355
355
355
291
173
355
278
193
259
190
355
355
271
64
275
61
310
189
297
192
276
181
303
45
260
33
355
265
62
261
59
274
166
277
52
355
355
275
61
263
57
263
187
280
190
279
161
355
260
62
264
185
59
268
173
256
180
189
298
187
294
190
353
45
265
38
266
62
260
59
270
53
355
355
355
355
355
346
61
261
64
355
274
190
299
187
355
355
355
355
310
189
342
173
355
327
62
266
59
292
187
270
181
290
192
326
45
261
33
347
57
256
61
258
166
274
52
261
190
320
185
323
180
290
173
277
62
273
59
259
189
355
292
190
61
260
64
267
187
292
189
355
299
42
261
30
313
161
266
66
263
63
267
57
264
192
355
355
280
185
258
158
268
170
355
355
355
355
355
304
44
260
32
280
56
306
191
355
355
257
60
261
63
284
160
295
194
259
188
355
275
61
256
64
256
172
272
191
355
349
34
257
46
333
66
263
63
279
189
258
192
355
350
64
261
61
269
191
261
174
264
194
355
272
66
272
63
262
192
272
189
274
194
283
191
355
259
48
272
68
272
64
355
318
192
299
184
355
260
66
270
63
268
57
288
162
196
261
176
308
185
269
191
355
355
343
64
263
61
261
37
256
49
263
56
327
194
355
355
265
165
284
184
256
189
270
192
284
177
355
355
343
66
266
63
355
355
355
355
268
191
355
355
273
68
274
194
258
64
355
334
196
289
42
260
49
319
192
261
68
261
64
269
57
355
355
355
355
355
355
355
355
320
69
270
66
332
196
334
192
355
355
355
355
330
197
315
177
272
194
355
355
322
68
268
64
319
192
324
196
256
185
336
47
256
35
342
170
278
66
285
63
268
57
355
355
272
191
268
64
267
61
267
163
260
194
355
291
185
264
192
261
66
262
63
261
175
261
189
295
191
290
194
355
283
66
260
63
267
40
258
47
267
56
355
355
355
355
355
355
267
68
271
64
355
278
194
191
355
355
310
192
327
184
262
175
275
168
319
196
355
355
326
68
264
64
355
355
306
37
256
49
328
69
268
66
259
59
265
196
259
192
355
299
194
300
165
262
68
262
65
282
197
355
262
69
258
66
273
187
266
193
256
196
281
197
266
194
304
42
315
71
259
57
263
68
350
185
355
256
199
196
257
69
258
66
355
270
197
263
71
276
68
276
194
269
199
293
196
342
73
259
51
256
69
294
177
306
197
303
201
355
311
179
291
71
261
68
267
61
266
53
259
59
355
286
196
266
199
189
261
181
298
187
355
355
300
69
268
66
268
61
260
54
355
355
267
189
257
194
274
197
292
170
332
182
355
355
275
71
261
68
355
355
355
296
196
355
355
316
199
73
261
69
355
329
201
270
197
289
47
258
54
307
73
267
62
257
69
355
355
355
355
355
355
355
300
74
259
71
305
201
320
197
355
355
355
355
279
182
283
202
272
199
355
355
355
259
73
257
69
343
197
315
201
295
190
306
40
256
52
344
71
258
68
271
62
355
306
175
306
196
260
69
259
66
265
168
273
199
355
272
197
259
71
258
68
261
190
273
194
265
180
273
196
288
199
355
270
45
52
257
71
276
68
259
61
355
355
355
355
355
355
350
73
261
69
336
199
287
196
355
355
308
71
270
197
68
292
201
355
355
279
73
260
69
268
196
261
199
355
335
197
260
201
260
71
260
68
286
180
355
258
69
261
199
73
278
196
257
189
264
197
286
201
339
54
257
42
268
173
301
71
258
74
263
64
355
349
202
256
73
262
199
70
346
192
301
74
256
201
71
291
198
277
202
268
199
327
47
271
76
260
62
262
73
261
170
339
190
306
201
283
204
257
74
258
71
347
202
276
182
267
76
264
73
264
199
271
204
285
201
330
78
257
56
74
328
202
291
206
283
184
355
303
73
260
76
259
66
257
64
257
58
355
265
201
259
204
273
194
268
186
301
192
355
353
59
256
71
74
258
66
257
62
355
282
187
269
190
271
202
276
175
268
199
261
194
355
355
334
35
355
298
163
264
47
286
175
355
278
54
337
57
338
62
355
76
259
68
256
80
316
78
303
206
355
355
355
349
204
266
208
355
262
196
355
333
78
257
66
256
74
355
273
202
280
206
355
282
76
259
73
277
194
327
201
325
74
256
71
285
204
274
190
290
185
291
73
258
199
261
182
202
257
69
298
201
317
71
261
197
68
317
196
271
199
344
42
259
49
325
69
258
66
256
61
257
57
355
355
297
185
311
170
177
273
197
274
189
303
194
355
355
355
355
355
332
47
258
54
320
73
256
76
260
66
259
62
355
355
317
204
274
201
355
355
286
74
259
71
337
199
264
202
355
325
73
264
69
353
197
268
201
355
278
71
264
68
290
194
261
190
270
175
261
182
289
196
338
69
263
66
278
199
321
194
355
304
197
287
42
264
49
343
69
270
66
258
61
263
57
355
355
355
355
293
170
270
185
312
177
330
197
294
189
355
301
194
355
355
355
355
355
355
299
47
258
54
297
73
268
69
267
62
355
355
343
197
355
265
68
256
71
323
196
339
201
259
175
327
69
268
66
257
199
266
190
330
197
320
194
355
355
264
49
265
69
274
57
267
61
256
66
355
273
182
355
283
185
267
197
317
194
266
177
284
189
355
355
355
355
355
355
355
355
355
355
280
68
275
49
65
261
37
256
61
260
56
355
355
281
184
274
196
257
177
263
193
259
189
268
165
355
355
355
355
355
355
355
355
355
355
355
355
355
355
355
355
355
355
355
355
355
355
355
355
355
355
355
355
355
355
316
61
355
355
355
355
355
355
355
355
332
59
296
189
355
307
61
338
187
355
355
355
355
355
355
355
268
62
340
189
355
355
355
355
355
355
355
355
355
355
351
64
266
67
264
55
267
47
257
40
355
355
355
355
355
355
355
355
355
355
355
355
355
273
61
355
355
355
327
189
355
355
355
319
59
355
320
187
355
355
257
61
355
280
189
355
309
59
334
187
355
298
61
293
190
355
355
302
62
338
189
355
355
355
294
192
263
175
288
183
276
168
263
195
355
355
355
355
355
333
67
270
64
258
47
270
40
259
55
355
355
355
355
355
355
355
355
355
355
355
355
355
355
355
268
61
355
355
355
336
189
355
355
355
355
298
59
355
262
187
355
355
318
61
355
280
190
355
355
355
355
355
355
355
355
355
355
355
355
355
271
62
355
355
350
189
269
192
313
195
282
183
355
355
274
175
261
168
355
355
355
355
355
355
355
355
355
355
355
355
355
355
355
355
312
61
355
355
334
190
355
355
355
355
355
355
355
355
355
303
189
355
355
355
355
355
355
355
355
355
355
355
355
355
355
355
355
355
355
355
355
355
300
59
263
50
265
35
257
54
264
47
355
271
175
274
163
355
355
355
355
267
178
355
261
42
256
30
336
170
276
158
345
58
276
49
270
187
271
182
310
177
355
268
43
260
59
256
31
281
50
256
186
55
317
171
259
159
355
355
355
299
30
270
42
301
178
264
170
266
158
355
355
355
296
61
260
52
263
31
262
43
311
171
258
187
277
159
355
355
355
287
28
269
40
305
168
261
156
355
355
355
342
31
43
316
171
274
159
355
355
355
355
272
35
264
23
332
163
263
151
274
183
267
189
355
268
180
355
355
355
259
59
273
54
258
50
262
35
262
47
355
297
175
288
163
355
303
178
355
355
268
30
262
42
334
170
282
158
323
49
261
58
289
187
330
177
267
182
355
257
43
261
31
337
59
271
55
258
50
286
186
299
171
259
178
266
159
355
355
58
271
49
279
187
330
30
260
177
258
42
339
170
256
186
258
158
260
59
272
50
308
178
355
355
256
61
274
52
260
31
258
43
314
187
267
171
287
159
355
355
334
28
261
40
309
168
258
156
355
355
355
355
281
31
260
43
308
171
285
159
355
355
355
355
276
35
269
23
328
183
262
163
258
151
274
180
259
189
355
355
355
355
308
59
259
35
54
262
47
263
50
355
259
175
280
178
289
163
355
288
61
272
52
304
182
269
187
323
26
262
38
302
154
259
166
275
62
262
180
272
54
264
189
290
182
281
190
355
324
28
259
40
313
62
256
66
282
59
267
57
281
156
279
168
355
355
355
312
30
272
42
319
170
260
158
355
355
355
315
31
268
43
326
171
263
159
355
355
355
306
33
45
332
173
256
161
355
306
187
335
185
355
355
265
47
257
35
318
64
260
61
265
55
335
175
280
190
258
163
275
194
355
355
355
355
281
183
33
259
45
298
173
299
161
344
66
263
57
265
192
322
189
265
194
256
185
355
288
35
257
23
271
64
264
61
271
55
331
151
261
163
355
355
355
289
25
270
37
319
183
261
165
262
153
355
355
355
332
62
261
54
270
26
264
57
264
38
345
154
265
166
262
189
272
192
355
355
351
28
257
40
328
156
168
355
355
355
329
30
267
42
341
158
262
170
355
355
355
315
185
263
31
259
43
336
159
171
321
182
287
190
355
355
355
262
45
256
33
325
62
275
54
355
264
173
274
161
355
332
61
271
52
318
180
295
43
260
182
257
31
286
190
270
171
274
159
295
59
276
50
283
189
284
178
355
355
28
40
337
55
266
62
278
54
320
168
260
156
283
187
355
355
355
355
300
30
263
42
341
158
267
170
274
182
355
355
339
61
272
52
266
31
258
43
343
190
280
171
264
159
355
355
335
30
263
42
309
170
257
158
355
323
183
315
180
288
189
355
306
61
273
31
262
43
273
52
256
55
348
171
285
159
355
355
355
269
40
256
28
321
168
259
156
355
355
355
354
30
262
42
321
158
257
170
355
312
183
280
180
355
355
317
59
274
54
257
33
45
257
50
342
189
303
173
274
161
327
178
344
182
330
187
355
308
59
282
52
264
31
49
269
43
355
277
171
290
159
355
355
355
304
25
272
37
346
165
261
153
355
321
177
343
187
355
355
261
30
261
49
58
269
42
355
294
180
321
170
290
158
355
355
355
320
40
262
28
258
177
355
186
271
168
281
156
355
355
355
285
26
260
38
355
284
166
294
154
355
355
355
350
25
261
37
355
313
153
165
355
355
355
355
355
355
283
23
256
35
324
62
279
59
284
50
340
163
307
151
355
355
355
259
178
355
355
260
187
355
355
355
333
58
259
61
320
190
355
279
40
265
47
349
62
300
55
261
59
289
186
271
189
355
355
355
355
355
302
187
355
355
355
355
261
64
259
61
355
321
190
355
355
355
355
333
46
286
175
355
352
47
337
174
349
189
355
262
192
272
175
300
168
355
355
276
59
257
62
302
187
299
183
263
190
355
355
23
258
35
355
259
61
261
58
277
50
355
355
274
151
309
59
256
186
258
163
271
189
257
56
355
338
61
256
187
262
178
259
58
279
184
299
186
288
189
329
40
256
47
343
62
292
59
260
55
355
355
355
355
355
355
355
315
64
277
61
349
190
345
187
353
45
355
335
175
281
46
310
173
355
355
260
47
347
174
355
355
319
183
355
355
295
189
355
355
355
259
35
355
259
62
264
59
267
54
307
168
283
192
298
187
349
175
338
64
263
61
275
190
355
314
66
274
62
273
189
268
192
263
182
283
194
349
190
292
28
256
40
267
163
299
69
259
66
261
59
262
55
355
355
355
338
156
289
168
355
355
355
355
355
309
197
261
30
260
42
334
170
257
158
355
276
31
256
43
304
159
262
171
355
354
47
261
35
321
67
260
64
318
194
261
187
305
183
355
312
175
281
192
355
257
66
259
62
285
195
280
190
355
312
33
45
259
163
323
64
256
67
269
194
257
61
261
57
258
55
283
189
272
192
285
183
263
185
355
261
173
274
195
272
69
261
66
355
302
161
281
31
71
258
43
67
277
194
257
197
281
171
263
195
292
199
355
293
30
260
42
282
159
303
67
256
71
260
57
264
62
355
355
355
355
301
199
355
355
355
302
69
271
66
282
170
274
195
279
158
355
319
31
256
43
307
171
258
159
355
290
45
258
33
293
161
258
173
355
329
48
261
36
355
190
355
257
185
289
194
355
257
176
332
67
261
64
278
197
279
192
355
328
35
47
274
164
305
69
257
66
259
195
256
63
261
57
261
59
281
191
266
185
258
194
273
187
330
175
269
197
268
163
302
71
261
67
355
329
72
261
27
39
69
271
195
269
199
270
155
269
167
269
197
305
200
355
267
28
40
316
69
260
64
263
59
355
282
156
263
168
355
285
42
261
30
293
158
258
170
308
197
329
71
260
31
43
259
67
276
187
258
192
268
159
258
171
282
199
329
195
305
55
261
45
259
33
281
61
259
183
278
67
279
71
331
195
284
173
270
199
258
161
355
258
66
258
69
286
189
344
194
290
25
257
37
260
67
257
64
269
197
268
165
258
153
271
192
301
195
355
262
26
38
310
67
71
261
57
62
355
259
154
258
166
331
195
308
40
260
28
257
199
290
156
273
168
350
185
265
69
267
66
260
42
261
190
256
30
289
197
260
170
260
158
290
194
288
54
311
182
266
59
283
43
258
31
286
66
291
69
351
194
278
171
259
197
272
159
340
187
304
64
67
355
348
66
256
62
259
23
257
35
258
195
274
192
274
163
257
151
256
190
299
194
355
338
37
257
25
280
66
263
69
256
59
259
55
355
349
197
187
287
194
355
355
270
67
256
64
261
58
279
153
294
183
262
165
285
195
256
192
271
186
355
317
26
257
38
257
66
256
62
264
54
256
59
355
283
190
273
154
275
182
266
194
258
166
355
316
64
257
61
270
40
256
187
256
55
256
28
355
278
183
261
192
264
156
260
189
270
168
355
355
355
266
62
265
41
59
261
29
56
355
355
355
292
157
261
190
257
169
291
187
347
184
355
355
355
355
355
355
355
271
61
263
53
265
49
258
32
265
44
343
181
307
177
260
189
273
172
355
355
299
58
257
160
266
52
267
49
264
30
260
42
355
355
355
347
170
291
186
319
158
284
177
262
180
355
355
355
355
355
355
355
355
355
352
59
269
35
264
50
256
42
355
355
321
163
258
178
277
170
272
187
355
355
355
355
355
355
355
355
355
355
355
355
355
355
355
355
355
355
355
355
268
40
355
308
168
259
52
288
180
355
265
59
343
62
334
67
355
258
73
257
81
85
355
355
355
355
258
209
323
213
333
201
355
355
321
79
256
83
256
71
355
264
207
261
211
355
302
81
261
78
285
199
334
206
312
79
260
76
274
209
275
195
307
190
274
187
264
204
259
78
260
207
259
74
299
206
323
76
261
202
73
310
201
265
204
348
47
258
54
350
74
257
71
261
66
256
62
355
355
312
190
272
175
286
182
283
202
273
194
284
199
355
355
355
355
355
309
59
262
66
257
52
307
78
81
258
69
355
339
206
291
209
289
194
308
197
355
291
64
278
76
256
79
260
67
330
204
277
207
355
308
78
269
74
351
202
270
206
335
192
267
73
259
76
260
77
268
187
272
205
274
180
285
201
335
74
259
71
269
204
297
199
279
195
316
202
300
47
264
54
355
273
74
257
71
270
62
259
66
355
355
355
268
175
257
190
280
182
307
202
298
194
268
199
355
355
355
355
355
355
304
59
264
52
333
78
265
74
270
67
355
327
202
355
285
76
259
73
323
201
306
206
310
180
274
74
259
71
263
195
264
204
326
202
355
307
199
295
62
264
54
311
74
261
71
273
66
284
187
355
325
190
266
199
262
202
286
182
282
194
355
355
355
355
355
355
355
355
355
355
256
73
266
42
259
54
261
70
262
58
355
355
272
170
282
186
267
201
261
198
279
182
355
355
355
355
355
355
355
355
355
355
355
355
355
355
355
355
355
300
40
344
47
288
61
274
55
313
62
297
69
313
73
355
355
279
201
266
190
289
197
349
189
355
355
308
71
268
67
276
59
256
62
348
195
279
199
355
321
69
268
66
279
190
320
187
298
194
340
67
261
183
260
64
265
197
294
168
323
175
269
66
261
195
192
270
62
276
194
346
190
257
64
270
61
294
189
263
192
355
277
47
266
35
332
59
257
62
291
50
256
54
355
355
265
178
288
163
314
182
283
190
290
187
299
175
355
355
355
355
347
47
270
40
316
69
263
66
264
55
262
59
355
355
355
355
256
197
306
194
355
302
64
258
67
322
192
279
195
355
343
62
257
66
345
190
283
194
351
168
299
187
264
61
64
355
300
183
258
189
314
175
262
62
266
59
283
192
355
275
190
275
187
355
273
35
270
47
329
62
267
54
260
59
355
355
355
335
163
355
351
175
270
182
355
344
190
355
355
355
287
187
355
355
315
40
268
47
322
66
275
62
287
55
355
303
190
355
327
64
272
61
323
189
309
194
340
192
257
168
276
62
281
59
263
183
298
190
294
187
355
355
273
50
260
42
264
62
280
54
274
59
314
175
355
348
190
264
178
257
187
299
170
319
182
355
355
355
355
355
355
355
355
355
355
355
301
61
265
54
258
58
264
30
42
258
49
355
355
310
189
257
170
264
182
263
158
259
177
267
186
355
355
355
355
355
355
355
355
355
355
355
355
355
355
355
355
355
355
355
355
355
355
355
355
355
355
355
355
355
355
326
50
355
355
355
355
355
355
355
355
355
355
267
49
347
178
355
320
50
355
269
177
355
355
355
355
355
355
355
350
52
355
355
298
178
355
355
355
355
355
355
355
355
355
355
282
59
265
47
273
43
260
31
299
55
355
355
355
355
355
355
355
355
355
355
355
355
334
50
355
355
355
355
355
276
178
355
355
355
283
49
355
310
177
355
355
319
50
355
354
178
355
295
49
339
177
355
295
180
268
50
355
355
353
52
355
263
178
355
355
355
355
273
171
292
183
319
175
270
187
355
355
355
355
355
355
355
355
263
58
258
40
262
28
257
46
355
355
355
308
159
355
301
156
257
168
355
355
355
355
258
174
308
180
355
334
186
355
355
355
355
355
355
321
52
274
54
257
58
261
46
263
30
261
42
355
355
355
355
321
158
342
174
290
186
334
182
355
355
355
355
355
355
355
355
355
355
355
355
355
355
355
322
54
59
272
35
257
47
355
355
355
355
355
355
355
355
355
355
355
355
355
355
355
355
355
329
50
355
355
355
317
180
355
355
355
355
355
355
355
355
355
355
355
297
49
355
355
270
178
355
355
355
355
355
355
308
50
355
355
282
177
355
355
355
355
355
355
355
355
281
170
182
187
163
175
178
